Run,Fitness1,Solution1,Fitness2,Solution2
1,136.0,35135aaa6cc23891b40cb3f378c53a17a1127210ce60e125ccf03efcfdaec458,132.0,535fa30d7e25dd8a49f1536779734ec8286108d115da5045d77f3b4185d8f790
1,132.0,535fa30d7e25dd8a49f1536779734ec8286108d115da5045d77f3b4185d8f790,131.0,6f4b6612125fb3a0daecd2799dfd6c9c299424fd920f9b308110a2c1fbd8f443
1,131.0,6f4b6612125fb3a0daecd2799dfd6c9c299424fd920f9b308110a2c1fbd8f443,130.0,6f4b6612125fb3a0daecd2799dfd6c9c299424fd920f9b308110a2c1fbd8f443
1,130.0,6f4b6612125fb3a0daecd2799dfd6c9c299424fd920f9b308110a2c1fbd8f443,127.0,6f4b6612125fb3a0daecd2799dfd6c9c299424fd920f9b308110a2c1fbd8f443
1,127.0,6f4b6612125fb3a0daecd2799dfd6c9c299424fd920f9b308110a2c1fbd8f443,126.0,6f4b6612125fb3a0daecd2799dfd6c9c299424fd920f9b308110a2c1fbd8f443
1,126.0,6f4b6612125fb3a0daecd2799dfd6c9c299424fd920f9b308110a2c1fbd8f443,125.0,6f4b6612125fb3a0daecd2799dfd6c9c299424fd920f9b308110a2c1fbd8f443
1,125.0,6f4b6612125fb3a0daecd2799dfd6c9c299424fd920f9b308110a2c1fbd8f443,124.0,6f4b6612125fb3a0daecd2799dfd6c9c299424fd920f9b308110a2c1fbd8f443
1,124.0,6f4b6612125fb3a0daecd2799dfd6c9c299424fd920f9b308110a2c1fbd8f443,123.0,6f4b6612125fb3a0daecd2799dfd6c9c299424fd920f9b308110a2c1fbd8f443
1,123.0,6f4b6612125fb3a0daecd2799dfd6c9c299424fd920f9b308110a2c1fbd8f443,122.0,6f4b6612125fb3a0daecd2799dfd6c9c299424fd920f9b308110a2c1fbd8f443
1,122.0,6f4b6612125fb3a0daecd2799dfd6c9c299424fd920f9b308110a2c1fbd8f443,121.0,6f4b6612125fb3a0daecd2799dfd6c9c299424fd920f9b308110a2c1fbd8f443
1,121.0,6f4b6612125fb3a0daecd2799dfd6c9c299424fd920f9b308110a2c1fbd8f443,120.0,6f4b6612125fb3a0daecd2799dfd6c9c299424fd920f9b308110a2c1fbd8f443
1,120.0,6f4b6612125fb3a0daecd2799dfd6c9c299424fd920f9b308110a2c1fbd8f443,119.0,6f4b6612125fb3a0daecd2799dfd6c9c299424fd920f9b308110a2c1fbd8f443
1,119.0,6f4b6612125fb3a0daecd2799dfd6c9c299424fd920f9b308110a2c1fbd8f443,118.0,6f4b6612125fb3a0daecd2799dfd6c9c299424fd920f9b308110a2c1fbd8f443
1,118.0,6f4b6612125fb3a0daecd2799dfd6c9c299424fd920f9b308110a2c1fbd8f443,117.0,6f4b6612125fb3a0daecd2799dfd6c9c299424fd920f9b308110a2c1fbd8f443
1,117.0,6f4b6612125fb3a0daecd2799dfd6c9c299424fd920f9b308110a2c1fbd8f443,116.0,6f4b6612125fb3a0daecd2799dfd6c9c299424fd920f9b308110a2c1fbd8f443
1,116.0,6f4b6612125fb3a0daecd2799dfd6c9c299424fd920f9b308110a2c1fbd8f443,115.0,6f4b6612125fb3a0daecd2799dfd6c9c299424fd920f9b308110a2c1fbd8f443
1,115.0,6f4b6612125fb3a0daecd2799dfd6c9c299424fd920f9b308110a2c1fbd8f443,114.0,6f4b6612125fb3a0daecd2799dfd6c9c299424fd920f9b308110a2c1fbd8f443
1,114.0,6f4b6612125fb3a0daecd2799dfd6c9c299424fd920f9b308110a2c1fbd8f443,113.0,6f4b6612125fb3a0daecd2799dfd6c9c299424fd920f9b308110a2c1fbd8f443
1,113.0,6f4b6612125fb3a0daecd2799dfd6c9c299424fd920f9b308110a2c1fbd8f443,112.0,535fa30d7e25dd8a49f1536779734ec8286108d115da5045d77f3b4185d8f790
2,133.0,c2356069e9d1e79ca924378153cfbbfb4d4416b1f99d41a2940bfdb66c5319db,131.0,4ec9599fc203d176a301536c2e091a19bc852759b255bd6818810a42c5fed14a
2,131.0,4ec9599fc203d176a301536c2e091a19bc852759b255bd6818810a42c5fed14a,130.0,59e19706d51d39f66711c2653cd7eb1291c94d9b55eb14bda74ce4dc636d015a
2,130.0,59e19706d51d39f66711c2653cd7eb1291c94d9b55eb14bda74ce4dc636d015a,129.0,59e19706d51d39f66711c2653cd7eb1291c94d9b55eb14bda74ce4dc636d015a
2,129.0,59e19706d51d39f66711c2653cd7eb1291c94d9b55eb14bda74ce4dc636d015a,128.0,59e19706d51d39f66711c2653cd7eb1291c94d9b55eb14bda74ce4dc636d015a
2,128.0,59e19706d51d39f66711c2653cd7eb1291c94d9b55eb14bda74ce4dc636d015a,127.0,59e19706d51d39f66711c2653cd7eb1291c94d9b55eb14bda74ce4dc636d015a
2,127.0,59e19706d51d39f66711c2653cd7eb1291c94d9b55eb14bda74ce4dc636d015a,126.0,59e19706d51d39f66711c2653cd7eb1291c94d9b55eb14bda74ce4dc636d015a
2,126.0,59e19706d51d39f66711c2653cd7eb1291c94d9b55eb14bda74ce4dc636d015a,125.0,59e19706d51d39f66711c2653cd7eb1291c94d9b55eb14bda74ce4dc636d015a
2,125.0,59e19706d51d39f66711c2653cd7eb1291c94d9b55eb14bda74ce4dc636d015a,124.0,59e19706d51d39f66711c2653cd7eb1291c94d9b55eb14bda74ce4dc636d015a
2,124.0,59e19706d51d39f66711c2653cd7eb1291c94d9b55eb14bda74ce4dc636d015a,123.0,59e19706d51d39f66711c2653cd7eb1291c94d9b55eb14bda74ce4dc636d015a
2,123.0,59e19706d51d39f66711c2653cd7eb1291c94d9b55eb14bda74ce4dc636d015a,122.0,59e19706d51d39f66711c2653cd7eb1291c94d9b55eb14bda74ce4dc636d015a
2,122.0,59e19706d51d39f66711c2653cd7eb1291c94d9b55eb14bda74ce4dc636d015a,121.0,59e19706d51d39f66711c2653cd7eb1291c94d9b55eb14bda74ce4dc636d015a
2,121.0,59e19706d51d39f66711c2653cd7eb1291c94d9b55eb14bda74ce4dc636d015a,120.0,59e19706d51d39f66711c2653cd7eb1291c94d9b55eb14bda74ce4dc636d015a
2,120.0,59e19706d51d39f66711c2653cd7eb1291c94d9b55eb14bda74ce4dc636d015a,119.0,59e19706d51d39f66711c2653cd7eb1291c94d9b55eb14bda74ce4dc636d015a
2,119.0,59e19706d51d39f66711c2653cd7eb1291c94d9b55eb14bda74ce4dc636d015a,118.0,59e19706d51d39f66711c2653cd7eb1291c94d9b55eb14bda74ce4dc636d015a
2,118.0,59e19706d51d39f66711c2653cd7eb1291c94d9b55eb14bda74ce4dc636d015a,117.0,59e19706d51d39f66711c2653cd7eb1291c94d9b55eb14bda74ce4dc636d015a
2,117.0,59e19706d51d39f66711c2653cd7eb1291c94d9b55eb14bda74ce4dc636d015a,116.0,59e19706d51d39f66711c2653cd7eb1291c94d9b55eb14bda74ce4dc636d015a
2,116.0,59e19706d51d39f66711c2653cd7eb1291c94d9b55eb14bda74ce4dc636d015a,115.0,59e19706d51d39f66711c2653cd7eb1291c94d9b55eb14bda74ce4dc636d015a
2,115.0,59e19706d51d39f66711c2653cd7eb1291c94d9b55eb14bda74ce4dc636d015a,114.0,59e19706d51d39f66711c2653cd7eb1291c94d9b55eb14bda74ce4dc636d015a
2,114.0,59e19706d51d39f66711c2653cd7eb1291c94d9b55eb14bda74ce4dc636d015a,113.0,4b227777d4dd1fc61c6f884f48641d02b4d121d3fd328cb08b5531fcacdabf8a
2,113.0,4b227777d4dd1fc61c6f884f48641d02b4d121d3fd328cb08b5531fcacdabf8a,112.0,4b227777d4dd1fc61c6f884f48641d02b4d121d3fd328cb08b5531fcacdabf8a
2,112.0,4b227777d4dd1fc61c6f884f48641d02b4d121d3fd328cb08b5531fcacdabf8a,111.0,4b227777d4dd1fc61c6f884f48641d02b4d121d3fd328cb08b5531fcacdabf8a
3,203.0,5f9c4ab08cac7457e9111a30e4664920607ea2c115a1433d7be98e97e64244ca,198.0,9400f1b21cb527d7fa3d3eabba93557a18ebe7a2ca4e471cfe5e4c5b4ca7f767
3,198.0,9400f1b21cb527d7fa3d3eabba93557a18ebe7a2ca4e471cfe5e4c5b4ca7f767,196.0,b7a56873cd771f2c446d369b649430b65a756ba278ff97ec81bb6f55b2e73569
3,196.0,b7a56873cd771f2c446d369b649430b65a756ba278ff97ec81bb6f55b2e73569,134.0,4ec9599fc203d176a301536c2e091a19bc852759b255bd6818810a42c5fed14a
3,134.0,4ec9599fc203d176a301536c2e091a19bc852759b255bd6818810a42c5fed14a,126.0,b17ef6d19c7a5b1ee83b907c595526dcb1eb06db8227d650d5dda0a9f4ce8cd9
3,126.0,b17ef6d19c7a5b1ee83b907c595526dcb1eb06db8227d650d5dda0a9f4ce8cd9,125.0,b17ef6d19c7a5b1ee83b907c595526dcb1eb06db8227d650d5dda0a9f4ce8cd9
3,125.0,b17ef6d19c7a5b1ee83b907c595526dcb1eb06db8227d650d5dda0a9f4ce8cd9,124.0,b17ef6d19c7a5b1ee83b907c595526dcb1eb06db8227d650d5dda0a9f4ce8cd9
3,124.0,b17ef6d19c7a5b1ee83b907c595526dcb1eb06db8227d650d5dda0a9f4ce8cd9,123.0,b17ef6d19c7a5b1ee83b907c595526dcb1eb06db8227d650d5dda0a9f4ce8cd9
3,123.0,b17ef6d19c7a5b1ee83b907c595526dcb1eb06db8227d650d5dda0a9f4ce8cd9,122.0,b17ef6d19c7a5b1ee83b907c595526dcb1eb06db8227d650d5dda0a9f4ce8cd9
3,122.0,b17ef6d19c7a5b1ee83b907c595526dcb1eb06db8227d650d5dda0a9f4ce8cd9,121.0,b17ef6d19c7a5b1ee83b907c595526dcb1eb06db8227d650d5dda0a9f4ce8cd9
3,121.0,b17ef6d19c7a5b1ee83b907c595526dcb1eb06db8227d650d5dda0a9f4ce8cd9,120.0,b17ef6d19c7a5b1ee83b907c595526dcb1eb06db8227d650d5dda0a9f4ce8cd9
3,120.0,b17ef6d19c7a5b1ee83b907c595526dcb1eb06db8227d650d5dda0a9f4ce8cd9,119.0,b17ef6d19c7a5b1ee83b907c595526dcb1eb06db8227d650d5dda0a9f4ce8cd9
3,119.0,b17ef6d19c7a5b1ee83b907c595526dcb1eb06db8227d650d5dda0a9f4ce8cd9,118.0,b17ef6d19c7a5b1ee83b907c595526dcb1eb06db8227d650d5dda0a9f4ce8cd9
3,118.0,b17ef6d19c7a5b1ee83b907c595526dcb1eb06db8227d650d5dda0a9f4ce8cd9,117.0,b17ef6d19c7a5b1ee83b907c595526dcb1eb06db8227d650d5dda0a9f4ce8cd9
3,117.0,b17ef6d19c7a5b1ee83b907c595526dcb1eb06db8227d650d5dda0a9f4ce8cd9,116.0,b17ef6d19c7a5b1ee83b907c595526dcb1eb06db8227d650d5dda0a9f4ce8cd9
3,116.0,b17ef6d19c7a5b1ee83b907c595526dcb1eb06db8227d650d5dda0a9f4ce8cd9,115.0,b17ef6d19c7a5b1ee83b907c595526dcb1eb06db8227d650d5dda0a9f4ce8cd9
3,115.0,b17ef6d19c7a5b1ee83b907c595526dcb1eb06db8227d650d5dda0a9f4ce8cd9,114.0,b17ef6d19c7a5b1ee83b907c595526dcb1eb06db8227d650d5dda0a9f4ce8cd9
3,114.0,b17ef6d19c7a5b1ee83b907c595526dcb1eb06db8227d650d5dda0a9f4ce8cd9,113.0,b17ef6d19c7a5b1ee83b907c595526dcb1eb06db8227d650d5dda0a9f4ce8cd9
3,113.0,b17ef6d19c7a5b1ee83b907c595526dcb1eb06db8227d650d5dda0a9f4ce8cd9,112.0,b17ef6d19c7a5b1ee83b907c595526dcb1eb06db8227d650d5dda0a9f4ce8cd9
4,202.0,4523540f1504cd17100c4835e85b7eefd49911580f8efff0599a8f283be6b9e3,193.0,4fc82b26aecb47d2868c4efbe3581732a3e7cbcc6c2efb32062c08170a05eeb8
4,193.0,4fc82b26aecb47d2868c4efbe3581732a3e7cbcc6c2efb32062c08170a05eeb8,132.0,535fa30d7e25dd8a49f1536779734ec8286108d115da5045d77f3b4185d8f790
4,132.0,535fa30d7e25dd8a49f1536779734ec8286108d115da5045d77f3b4185d8f790,130.0,4ec9599fc203d176a301536c2e091a19bc852759b255bd6818810a42c5fed14a
4,130.0,4ec9599fc203d176a301536c2e091a19bc852759b255bd6818810a42c5fed14a,129.0,670671cd97404156226e507973f2ab8330d3022ca96e0c93bdbdb320c41adcaf
4,129.0,670671cd97404156226e507973f2ab8330d3022ca96e0c93bdbdb320c41adcaf,128.0,670671cd97404156226e507973f2ab8330d3022ca96e0c93bdbdb320c41adcaf
4,128.0,670671cd97404156226e507973f2ab8330d3022ca96e0c93bdbdb320c41adcaf,127.0,670671cd97404156226e507973f2ab8330d3022ca96e0c93bdbdb320c41adcaf
4,127.0,670671cd97404156226e507973f2ab8330d3022ca96e0c93bdbdb320c41adcaf,126.0,670671cd97404156226e507973f2ab8330d3022ca96e0c93bdbdb320c41adcaf
4,126.0,670671cd97404156226e507973f2ab8330d3022ca96e0c93bdbdb320c41adcaf,125.0,670671cd97404156226e507973f2ab8330d3022ca96e0c93bdbdb320c41adcaf
4,125.0,670671cd97404156226e507973f2ab8330d3022ca96e0c93bdbdb320c41adcaf,124.0,670671cd97404156226e507973f2ab8330d3022ca96e0c93bdbdb320c41adcaf
4,124.0,670671cd97404156226e507973f2ab8330d3022ca96e0c93bdbdb320c41adcaf,123.0,670671cd97404156226e507973f2ab8330d3022ca96e0c93bdbdb320c41adcaf
4,123.0,670671cd97404156226e507973f2ab8330d3022ca96e0c93bdbdb320c41adcaf,122.0,670671cd97404156226e507973f2ab8330d3022ca96e0c93bdbdb320c41adcaf
4,122.0,670671cd97404156226e507973f2ab8330d3022ca96e0c93bdbdb320c41adcaf,121.0,670671cd97404156226e507973f2ab8330d3022ca96e0c93bdbdb320c41adcaf
4,121.0,670671cd97404156226e507973f2ab8330d3022ca96e0c93bdbdb320c41adcaf,120.0,670671cd97404156226e507973f2ab8330d3022ca96e0c93bdbdb320c41adcaf
4,120.0,670671cd97404156226e507973f2ab8330d3022ca96e0c93bdbdb320c41adcaf,119.0,670671cd97404156226e507973f2ab8330d3022ca96e0c93bdbdb320c41adcaf
4,119.0,670671cd97404156226e507973f2ab8330d3022ca96e0c93bdbdb320c41adcaf,118.0,670671cd97404156226e507973f2ab8330d3022ca96e0c93bdbdb320c41adcaf
4,118.0,670671cd97404156226e507973f2ab8330d3022ca96e0c93bdbdb320c41adcaf,117.0,670671cd97404156226e507973f2ab8330d3022ca96e0c93bdbdb320c41adcaf
4,117.0,670671cd97404156226e507973f2ab8330d3022ca96e0c93bdbdb320c41adcaf,116.0,670671cd97404156226e507973f2ab8330d3022ca96e0c93bdbdb320c41adcaf
4,116.0,670671cd97404156226e507973f2ab8330d3022ca96e0c93bdbdb320c41adcaf,115.0,670671cd97404156226e507973f2ab8330d3022ca96e0c93bdbdb320c41adcaf
4,115.0,670671cd97404156226e507973f2ab8330d3022ca96e0c93bdbdb320c41adcaf,114.0,6b86b273ff34fce19d6b804eff5a3f5747ada4eaa22f1d49c01e52ddb7875b4b
4,114.0,6b86b273ff34fce19d6b804eff5a3f5747ada4eaa22f1d49c01e52ddb7875b4b,113.0,6b86b273ff34fce19d6b804eff5a3f5747ada4eaa22f1d49c01e52ddb7875b4b
4,113.0,6b86b273ff34fce19d6b804eff5a3f5747ada4eaa22f1d49c01e52ddb7875b4b,112.0,6b86b273ff34fce19d6b804eff5a3f5747ada4eaa22f1d49c01e52ddb7875b4b
4,112.0,6b86b273ff34fce19d6b804eff5a3f5747ada4eaa22f1d49c01e52ddb7875b4b,111.0,6b86b273ff34fce19d6b804eff5a3f5747ada4eaa22f1d49c01e52ddb7875b4b
4,111.0,6b86b273ff34fce19d6b804eff5a3f5747ada4eaa22f1d49c01e52ddb7875b4b,110.0,6b86b273ff34fce19d6b804eff5a3f5747ada4eaa22f1d49c01e52ddb7875b4b
5,201.0,d4735e3a265e16eee03f59718b9b5d03019c07d8b6c51f90da3a666eec13ab35,195.0,35135aaa6cc23891b40cb3f378c53a17a1127210ce60e125ccf03efcfdaec458
5,195.0,35135aaa6cc23891b40cb3f378c53a17a1127210ce60e125ccf03efcfdaec458,136.0,4ec9599fc203d176a301536c2e091a19bc852759b255bd6818810a42c5fed14a
5,136.0,4ec9599fc203d176a301536c2e091a19bc852759b255bd6818810a42c5fed14a,135.0,4ec9599fc203d176a301536c2e091a19bc852759b255bd6818810a42c5fed14a
5,135.0,4ec9599fc203d176a301536c2e091a19bc852759b255bd6818810a42c5fed14a,134.0,ef2d127de37b942baad06145e54b0c619a1f22327b2ebbcfbec78f5564afe39d
5,134.0,ef2d127de37b942baad06145e54b0c619a1f22327b2ebbcfbec78f5564afe39d,132.0,19581e27de7ced00ff1ce50b2047e7a567c76b1cbaebabe5ef03f7c3017bb5b7
5,132.0,19581e27de7ced00ff1ce50b2047e7a567c76b1cbaebabe5ef03f7c3017bb5b7,130.0,624b60c58c9d8bfb6ff1886c2fd605d2adeb6ea4da576068201b6c6958ce93f4
5,130.0,624b60c58c9d8bfb6ff1886c2fd605d2adeb6ea4da576068201b6c6958ce93f4,129.0,624b60c58c9d8bfb6ff1886c2fd605d2adeb6ea4da576068201b6c6958ce93f4
5,129.0,624b60c58c9d8bfb6ff1886c2fd605d2adeb6ea4da576068201b6c6958ce93f4,128.0,624b60c58c9d8bfb6ff1886c2fd605d2adeb6ea4da576068201b6c6958ce93f4
5,128.0,624b60c58c9d8bfb6ff1886c2fd605d2adeb6ea4da576068201b6c6958ce93f4,127.0,624b60c58c9d8bfb6ff1886c2fd605d2adeb6ea4da576068201b6c6958ce93f4
5,127.0,624b60c58c9d8bfb6ff1886c2fd605d2adeb6ea4da576068201b6c6958ce93f4,126.0,624b60c58c9d8bfb6ff1886c2fd605d2adeb6ea4da576068201b6c6958ce93f4
5,126.0,624b60c58c9d8bfb6ff1886c2fd605d2adeb6ea4da576068201b6c6958ce93f4,125.0,624b60c58c9d8bfb6ff1886c2fd605d2adeb6ea4da576068201b6c6958ce93f4
5,125.0,624b60c58c9d8bfb6ff1886c2fd605d2adeb6ea4da576068201b6c6958ce93f4,124.0,624b60c58c9d8bfb6ff1886c2fd605d2adeb6ea4da576068201b6c6958ce93f4
5,124.0,624b60c58c9d8bfb6ff1886c2fd605d2adeb6ea4da576068201b6c6958ce93f4,123.0,624b60c58c9d8bfb6ff1886c2fd605d2adeb6ea4da576068201b6c6958ce93f4
5,123.0,624b60c58c9d8bfb6ff1886c2fd605d2adeb6ea4da576068201b6c6958ce93f4,122.0,624b60c58c9d8bfb6ff1886c2fd605d2adeb6ea4da576068201b6c6958ce93f4
5,122.0,624b60c58c9d8bfb6ff1886c2fd605d2adeb6ea4da576068201b6c6958ce93f4,121.0,624b60c58c9d8bfb6ff1886c2fd605d2adeb6ea4da576068201b6c6958ce93f4
5,121.0,624b60c58c9d8bfb6ff1886c2fd605d2adeb6ea4da576068201b6c6958ce93f4,120.0,624b60c58c9d8bfb6ff1886c2fd605d2adeb6ea4da576068201b6c6958ce93f4
5,120.0,624b60c58c9d8bfb6ff1886c2fd605d2adeb6ea4da576068201b6c6958ce93f4,119.0,624b60c58c9d8bfb6ff1886c2fd605d2adeb6ea4da576068201b6c6958ce93f4
5,119.0,624b60c58c9d8bfb6ff1886c2fd605d2adeb6ea4da576068201b6c6958ce93f4,118.0,624b60c58c9d8bfb6ff1886c2fd605d2adeb6ea4da576068201b6c6958ce93f4
5,118.0,624b60c58c9d8bfb6ff1886c2fd605d2adeb6ea4da576068201b6c6958ce93f4,117.0,624b60c58c9d8bfb6ff1886c2fd605d2adeb6ea4da576068201b6c6958ce93f4
5,117.0,624b60c58c9d8bfb6ff1886c2fd605d2adeb6ea4da576068201b6c6958ce93f4,116.0,624b60c58c9d8bfb6ff1886c2fd605d2adeb6ea4da576068201b6c6958ce93f4
5,116.0,624b60c58c9d8bfb6ff1886c2fd605d2adeb6ea4da576068201b6c6958ce93f4,115.0,624b60c58c9d8bfb6ff1886c2fd605d2adeb6ea4da576068201b6c6958ce93f4
5,115.0,624b60c58c9d8bfb6ff1886c2fd605d2adeb6ea4da576068201b6c6958ce93f4,114.0,c2356069e9d1e79ca924378153cfbbfb4d4416b1f99d41a2940bfdb66c5319db
5,114.0,c2356069e9d1e79ca924378153cfbbfb4d4416b1f99d41a2940bfdb66c5319db,113.0,c2356069e9d1e79ca924378153cfbbfb4d4416b1f99d41a2940bfdb66c5319db
5,113.0,c2356069e9d1e79ca924378153cfbbfb4d4416b1f99d41a2940bfdb66c5319db,112.0,c2356069e9d1e79ca924378153cfbbfb4d4416b1f99d41a2940bfdb66c5319db
5,112.0,c2356069e9d1e79ca924378153cfbbfb4d4416b1f99d41a2940bfdb66c5319db,111.0,c2356069e9d1e79ca924378153cfbbfb4d4416b1f99d41a2940bfdb66c5319db
5,111.0,c2356069e9d1e79ca924378153cfbbfb4d4416b1f99d41a2940bfdb66c5319db,110.0,c2356069e9d1e79ca924378153cfbbfb4d4416b1f99d41a2940bfdb66c5319db
6,200.0,3fdba35f04dc8c462986c992bcf875546257113072a909c162f7e470e581e278,136.0,c2356069e9d1e79ca924378153cfbbfb4d4416b1f99d41a2940bfdb66c5319db
6,136.0,c2356069e9d1e79ca924378153cfbbfb4d4416b1f99d41a2940bfdb66c5319db,130.0,e629fa6598d732768f7c726b4b621285f9c3b85303900aa912017db7617d8bdb
6,130.0,e629fa6598d732768f7c726b4b621285f9c3b85303900aa912017db7617d8bdb,129.0,e629fa6598d732768f7c726b4b621285f9c3b85303900aa912017db7617d8bdb
6,129.0,e629fa6598d732768f7c726b4b621285f9c3b85303900aa912017db7617d8bdb,128.0,e629fa6598d732768f7c726b4b621285f9c3b85303900aa912017db7617d8bdb
6,128.0,e629fa6598d732768f7c726b4b621285f9c3b85303900aa912017db7617d8bdb,127.0,e629fa6598d732768f7c726b4b621285f9c3b85303900aa912017db7617d8bdb
6,127.0,e629fa6598d732768f7c726b4b621285f9c3b85303900aa912017db7617d8bdb,126.0,e629fa6598d732768f7c726b4b621285f9c3b85303900aa912017db7617d8bdb
6,126.0,e629fa6598d732768f7c726b4b621285f9c3b85303900aa912017db7617d8bdb,125.0,e629fa6598d732768f7c726b4b621285f9c3b85303900aa912017db7617d8bdb
6,125.0,e629fa6598d732768f7c726b4b621285f9c3b85303900aa912017db7617d8bdb,124.0,e629fa6598d732768f7c726b4b621285f9c3b85303900aa912017db7617d8bdb
6,124.0,e629fa6598d732768f7c726b4b621285f9c3b85303900aa912017db7617d8bdb,123.0,e629fa6598d732768f7c726b4b621285f9c3b85303900aa912017db7617d8bdb
6,123.0,e629fa6598d732768f7c726b4b621285f9c3b85303900aa912017db7617d8bdb,122.0,e629fa6598d732768f7c726b4b621285f9c3b85303900aa912017db7617d8bdb
6,122.0,e629fa6598d732768f7c726b4b621285f9c3b85303900aa912017db7617d8bdb,121.0,e629fa6598d732768f7c726b4b621285f9c3b85303900aa912017db7617d8bdb
6,121.0,e629fa6598d732768f7c726b4b621285f9c3b85303900aa912017db7617d8bdb,120.0,e629fa6598d732768f7c726b4b621285f9c3b85303900aa912017db7617d8bdb
6,120.0,e629fa6598d732768f7c726b4b621285f9c3b85303900aa912017db7617d8bdb,119.0,e629fa6598d732768f7c726b4b621285f9c3b85303900aa912017db7617d8bdb
6,119.0,e629fa6598d732768f7c726b4b621285f9c3b85303900aa912017db7617d8bdb,118.0,535fa30d7e25dd8a49f1536779734ec8286108d115da5045d77f3b4185d8f790
6,118.0,535fa30d7e25dd8a49f1536779734ec8286108d115da5045d77f3b4185d8f790,117.0,535fa30d7e25dd8a49f1536779734ec8286108d115da5045d77f3b4185d8f790
6,117.0,535fa30d7e25dd8a49f1536779734ec8286108d115da5045d77f3b4185d8f790,116.0,535fa30d7e25dd8a49f1536779734ec8286108d115da5045d77f3b4185d8f790
6,116.0,535fa30d7e25dd8a49f1536779734ec8286108d115da5045d77f3b4185d8f790,115.0,535fa30d7e25dd8a49f1536779734ec8286108d115da5045d77f3b4185d8f790
6,115.0,535fa30d7e25dd8a49f1536779734ec8286108d115da5045d77f3b4185d8f790,114.0,535fa30d7e25dd8a49f1536779734ec8286108d115da5045d77f3b4185d8f790
6,114.0,535fa30d7e25dd8a49f1536779734ec8286108d115da5045d77f3b4185d8f790,113.0,535fa30d7e25dd8a49f1536779734ec8286108d115da5045d77f3b4185d8f790
6,113.0,535fa30d7e25dd8a49f1536779734ec8286108d115da5045d77f3b4185d8f790,112.0,535fa30d7e25dd8a49f1536779734ec8286108d115da5045d77f3b4185d8f790
6,112.0,535fa30d7e25dd8a49f1536779734ec8286108d115da5045d77f3b4185d8f790,111.0,535fa30d7e25dd8a49f1536779734ec8286108d115da5045d77f3b4185d8f790
7,198.0,4e07408562bedb8b60ce05c1decfe3ad16b72230967de01f640b7e4729b49fce,197.0,8527a891e224136950ff32ca212b45bc93f69fbb801c3b1ebedac52775f99e61
7,197.0,8527a891e224136950ff32ca212b45bc93f69fbb801c3b1ebedac52775f99e61,133.0,f5ca38f748a1d6eaf726b8a42fb575c3c71f1864a8143301782de13da2d9202b
7,133.0,f5ca38f748a1d6eaf726b8a42fb575c3c71f1864a8143301782de13da2d9202b,130.0,785f3ec7eb32f30b90cd0fcf3657d388b5ff4297f2f9716ff66e9b69c05ddd09
7,130.0,785f3ec7eb32f30b90cd0fcf3657d388b5ff4297f2f9716ff66e9b69c05ddd09,129.0,785f3ec7eb32f30b90cd0fcf3657d388b5ff4297f2f9716ff66e9b69c05ddd09
7,129.0,785f3ec7eb32f30b90cd0fcf3657d388b5ff4297f2f9716ff66e9b69c05ddd09,128.0,785f3ec7eb32f30b90cd0fcf3657d388b5ff4297f2f9716ff66e9b69c05ddd09
7,128.0,785f3ec7eb32f30b90cd0fcf3657d388b5ff4297f2f9716ff66e9b69c05ddd09,127.0,785f3ec7eb32f30b90cd0fcf3657d388b5ff4297f2f9716ff66e9b69c05ddd09
7,127.0,785f3ec7eb32f30b90cd0fcf3657d388b5ff4297f2f9716ff66e9b69c05ddd09,126.0,785f3ec7eb32f30b90cd0fcf3657d388b5ff4297f2f9716ff66e9b69c05ddd09
7,126.0,785f3ec7eb32f30b90cd0fcf3657d388b5ff4297f2f9716ff66e9b69c05ddd09,125.0,785f3ec7eb32f30b90cd0fcf3657d388b5ff4297f2f9716ff66e9b69c05ddd09
7,125.0,785f3ec7eb32f30b90cd0fcf3657d388b5ff4297f2f9716ff66e9b69c05ddd09,124.0,785f3ec7eb32f30b90cd0fcf3657d388b5ff4297f2f9716ff66e9b69c05ddd09
7,124.0,785f3ec7eb32f30b90cd0fcf3657d388b5ff4297f2f9716ff66e9b69c05ddd09,123.0,785f3ec7eb32f30b90cd0fcf3657d388b5ff4297f2f9716ff66e9b69c05ddd09
7,123.0,785f3ec7eb32f30b90cd0fcf3657d388b5ff4297f2f9716ff66e9b69c05ddd09,122.0,785f3ec7eb32f30b90cd0fcf3657d388b5ff4297f2f9716ff66e9b69c05ddd09
7,122.0,785f3ec7eb32f30b90cd0fcf3657d388b5ff4297f2f9716ff66e9b69c05ddd09,121.0,785f3ec7eb32f30b90cd0fcf3657d388b5ff4297f2f9716ff66e9b69c05ddd09
7,121.0,785f3ec7eb32f30b90cd0fcf3657d388b5ff4297f2f9716ff66e9b69c05ddd09,120.0,785f3ec7eb32f30b90cd0fcf3657d388b5ff4297f2f9716ff66e9b69c05ddd09
7,120.0,785f3ec7eb32f30b90cd0fcf3657d388b5ff4297f2f9716ff66e9b69c05ddd09,119.0,785f3ec7eb32f30b90cd0fcf3657d388b5ff4297f2f9716ff66e9b69c05ddd09
7,119.0,785f3ec7eb32f30b90cd0fcf3657d388b5ff4297f2f9716ff66e9b69c05ddd09,118.0,785f3ec7eb32f30b90cd0fcf3657d388b5ff4297f2f9716ff66e9b69c05ddd09
7,118.0,785f3ec7eb32f30b90cd0fcf3657d388b5ff4297f2f9716ff66e9b69c05ddd09,117.0,785f3ec7eb32f30b90cd0fcf3657d388b5ff4297f2f9716ff66e9b69c05ddd09
7,117.0,785f3ec7eb32f30b90cd0fcf3657d388b5ff4297f2f9716ff66e9b69c05ddd09,116.0,785f3ec7eb32f30b90cd0fcf3657d388b5ff4297f2f9716ff66e9b69c05ddd09
7,116.0,785f3ec7eb32f30b90cd0fcf3657d388b5ff4297f2f9716ff66e9b69c05ddd09,115.0,785f3ec7eb32f30b90cd0fcf3657d388b5ff4297f2f9716ff66e9b69c05ddd09
7,115.0,785f3ec7eb32f30b90cd0fcf3657d388b5ff4297f2f9716ff66e9b69c05ddd09,114.0,6b86b273ff34fce19d6b804eff5a3f5747ada4eaa22f1d49c01e52ddb7875b4b
7,114.0,6b86b273ff34fce19d6b804eff5a3f5747ada4eaa22f1d49c01e52ddb7875b4b,113.0,6b86b273ff34fce19d6b804eff5a3f5747ada4eaa22f1d49c01e52ddb7875b4b
7,113.0,6b86b273ff34fce19d6b804eff5a3f5747ada4eaa22f1d49c01e52ddb7875b4b,112.0,6b86b273ff34fce19d6b804eff5a3f5747ada4eaa22f1d49c01e52ddb7875b4b
8,183.0,535fa30d7e25dd8a49f1536779734ec8286108d115da5045d77f3b4185d8f790,132.0,e629fa6598d732768f7c726b4b621285f9c3b85303900aa912017db7617d8bdb
8,132.0,e629fa6598d732768f7c726b4b621285f9c3b85303900aa912017db7617d8bdb,129.0,ef2d127de37b942baad06145e54b0c619a1f22327b2ebbcfbec78f5564afe39d
8,129.0,ef2d127de37b942baad06145e54b0c619a1f22327b2ebbcfbec78f5564afe39d,128.0,ef2d127de37b942baad06145e54b0c619a1f22327b2ebbcfbec78f5564afe39d
8,128.0,ef2d127de37b942baad06145e54b0c619a1f22327b2ebbcfbec78f5564afe39d,127.0,ef2d127de37b942baad06145e54b0c619a1f22327b2ebbcfbec78f5564afe39d
8,127.0,ef2d127de37b942baad06145e54b0c619a1f22327b2ebbcfbec78f5564afe39d,126.0,ef2d127de37b942baad06145e54b0c619a1f22327b2ebbcfbec78f5564afe39d
8,126.0,ef2d127de37b942baad06145e54b0c619a1f22327b2ebbcfbec78f5564afe39d,125.0,ef2d127de37b942baad06145e54b0c619a1f22327b2ebbcfbec78f5564afe39d
8,125.0,ef2d127de37b942baad06145e54b0c619a1f22327b2ebbcfbec78f5564afe39d,124.0,ef2d127de37b942baad06145e54b0c619a1f22327b2ebbcfbec78f5564afe39d
8,124.0,ef2d127de37b942baad06145e54b0c619a1f22327b2ebbcfbec78f5564afe39d,123.0,ef2d127de37b942baad06145e54b0c619a1f22327b2ebbcfbec78f5564afe39d
8,123.0,ef2d127de37b942baad06145e54b0c619a1f22327b2ebbcfbec78f5564afe39d,122.0,ef2d127de37b942baad06145e54b0c619a1f22327b2ebbcfbec78f5564afe39d
8,122.0,ef2d127de37b942baad06145e54b0c619a1f22327b2ebbcfbec78f5564afe39d,121.0,ef2d127de37b942baad06145e54b0c619a1f22327b2ebbcfbec78f5564afe39d
8,121.0,ef2d127de37b942baad06145e54b0c619a1f22327b2ebbcfbec78f5564afe39d,120.0,ef2d127de37b942baad06145e54b0c619a1f22327b2ebbcfbec78f5564afe39d
8,120.0,ef2d127de37b942baad06145e54b0c619a1f22327b2ebbcfbec78f5564afe39d,119.0,ef2d127de37b942baad06145e54b0c619a1f22327b2ebbcfbec78f5564afe39d
8,119.0,ef2d127de37b942baad06145e54b0c619a1f22327b2ebbcfbec78f5564afe39d,118.0,ef2d127de37b942baad06145e54b0c619a1f22327b2ebbcfbec78f5564afe39d
8,118.0,ef2d127de37b942baad06145e54b0c619a1f22327b2ebbcfbec78f5564afe39d,117.0,ef2d127de37b942baad06145e54b0c619a1f22327b2ebbcfbec78f5564afe39d
8,117.0,ef2d127de37b942baad06145e54b0c619a1f22327b2ebbcfbec78f5564afe39d,116.0,ef2d127de37b942baad06145e54b0c619a1f22327b2ebbcfbec78f5564afe39d
8,116.0,ef2d127de37b942baad06145e54b0c619a1f22327b2ebbcfbec78f5564afe39d,115.0,ef2d127de37b942baad06145e54b0c619a1f22327b2ebbcfbec78f5564afe39d
8,115.0,ef2d127de37b942baad06145e54b0c619a1f22327b2ebbcfbec78f5564afe39d,114.0,ef2d127de37b942baad06145e54b0c619a1f22327b2ebbcfbec78f5564afe39d
8,114.0,ef2d127de37b942baad06145e54b0c619a1f22327b2ebbcfbec78f5564afe39d,113.0,4b227777d4dd1fc61c6f884f48641d02b4d121d3fd328cb08b5531fcacdabf8a
8,113.0,4b227777d4dd1fc61c6f884f48641d02b4d121d3fd328cb08b5531fcacdabf8a,112.0,4b227777d4dd1fc61c6f884f48641d02b4d121d3fd328cb08b5531fcacdabf8a
8,112.0,4b227777d4dd1fc61c6f884f48641d02b4d121d3fd328cb08b5531fcacdabf8a,111.0,4b227777d4dd1fc61c6f884f48641d02b4d121d3fd328cb08b5531fcacdabf8a
9,198.0,4b227777d4dd1fc61c6f884f48641d02b4d121d3fd328cb08b5531fcacdabf8a,132.0,c2356069e9d1e79ca924378153cfbbfb4d4416b1f99d41a2940bfdb66c5319db
9,132.0,c2356069e9d1e79ca924378153cfbbfb4d4416b1f99d41a2940bfdb66c5319db,130.0,35135aaa6cc23891b40cb3f378c53a17a1127210ce60e125ccf03efcfdaec458
9,130.0,35135aaa6cc23891b40cb3f378c53a17a1127210ce60e125ccf03efcfdaec458,129.0,35135aaa6cc23891b40cb3f378c53a17a1127210ce60e125ccf03efcfdaec458
9,129.0,35135aaa6cc23891b40cb3f378c53a17a1127210ce60e125ccf03efcfdaec458,128.0,35135aaa6cc23891b40cb3f378c53a17a1127210ce60e125ccf03efcfdaec458
9,128.0,35135aaa6cc23891b40cb3f378c53a17a1127210ce60e125ccf03efcfdaec458,127.0,35135aaa6cc23891b40cb3f378c53a17a1127210ce60e125ccf03efcfdaec458
9,127.0,35135aaa6cc23891b40cb3f378c53a17a1127210ce60e125ccf03efcfdaec458,126.0,35135aaa6cc23891b40cb3f378c53a17a1127210ce60e125ccf03efcfdaec458
9,126.0,35135aaa6cc23891b40cb3f378c53a17a1127210ce60e125ccf03efcfdaec458,125.0,35135aaa6cc23891b40cb3f378c53a17a1127210ce60e125ccf03efcfdaec458
9,125.0,35135aaa6cc23891b40cb3f378c53a17a1127210ce60e125ccf03efcfdaec458,124.0,35135aaa6cc23891b40cb3f378c53a17a1127210ce60e125ccf03efcfdaec458
9,124.0,35135aaa6cc23891b40cb3f378c53a17a1127210ce60e125ccf03efcfdaec458,123.0,35135aaa6cc23891b40cb3f378c53a17a1127210ce60e125ccf03efcfdaec458
9,123.0,35135aaa6cc23891b40cb3f378c53a17a1127210ce60e125ccf03efcfdaec458,122.0,35135aaa6cc23891b40cb3f378c53a17a1127210ce60e125ccf03efcfdaec458
9,122.0,35135aaa6cc23891b40cb3f378c53a17a1127210ce60e125ccf03efcfdaec458,121.0,35135aaa6cc23891b40cb3f378c53a17a1127210ce60e125ccf03efcfdaec458
9,121.0,35135aaa6cc23891b40cb3f378c53a17a1127210ce60e125ccf03efcfdaec458,120.0,35135aaa6cc23891b40cb3f378c53a17a1127210ce60e125ccf03efcfdaec458
9,120.0,35135aaa6cc23891b40cb3f378c53a17a1127210ce60e125ccf03efcfdaec458,119.0,35135aaa6cc23891b40cb3f378c53a17a1127210ce60e125ccf03efcfdaec458
9,119.0,35135aaa6cc23891b40cb3f378c53a17a1127210ce60e125ccf03efcfdaec458,118.0,35135aaa6cc23891b40cb3f378c53a17a1127210ce60e125ccf03efcfdaec458
9,118.0,35135aaa6cc23891b40cb3f378c53a17a1127210ce60e125ccf03efcfdaec458,117.0,35135aaa6cc23891b40cb3f378c53a17a1127210ce60e125ccf03efcfdaec458
9,117.0,35135aaa6cc23891b40cb3f378c53a17a1127210ce60e125ccf03efcfdaec458,116.0,4b227777d4dd1fc61c6f884f48641d02b4d121d3fd328cb08b5531fcacdabf8a
9,116.0,4b227777d4dd1fc61c6f884f48641d02b4d121d3fd328cb08b5531fcacdabf8a,115.0,4b227777d4dd1fc61c6f884f48641d02b4d121d3fd328cb08b5531fcacdabf8a
9,115.0,4b227777d4dd1fc61c6f884f48641d02b4d121d3fd328cb08b5531fcacdabf8a,114.0,4b227777d4dd1fc61c6f884f48641d02b4d121d3fd328cb08b5531fcacdabf8a
9,114.0,4b227777d4dd1fc61c6f884f48641d02b4d121d3fd328cb08b5531fcacdabf8a,113.0,4b227777d4dd1fc61c6f884f48641d02b4d121d3fd328cb08b5531fcacdabf8a
9,113.0,4b227777d4dd1fc61c6f884f48641d02b4d121d3fd328cb08b5531fcacdabf8a,112.0,4b227777d4dd1fc61c6f884f48641d02b4d121d3fd328cb08b5531fcacdabf8a
10,133.0,b17ef6d19c7a5b1ee83b907c595526dcb1eb06db8227d650d5dda0a9f4ce8cd9,131.0,4ec9599fc203d176a301536c2e091a19bc852759b255bd6818810a42c5fed14a
10,131.0,4ec9599fc203d176a301536c2e091a19bc852759b255bd6818810a42c5fed14a,128.0,6b51d431df5d7f141cbececcf79edf3dd861c3b4069f0b11661a3eefacbba918
10,128.0,6b51d431df5d7f141cbececcf79edf3dd861c3b4069f0b11661a3eefacbba918,127.0,6b51d431df5d7f141cbececcf79edf3dd861c3b4069f0b11661a3eefacbba918
10,127.0,6b51d431df5d7f141cbececcf79edf3dd861c3b4069f0b11661a3eefacbba918,126.0,6b51d431df5d7f141cbececcf79edf3dd861c3b4069f0b11661a3eefacbba918
10,126.0,6b51d431df5d7f141cbececcf79edf3dd861c3b4069f0b11661a3eefacbba918,125.0,6b51d431df5d7f141cbececcf79edf3dd861c3b4069f0b11661a3eefacbba918
10,125.0,6b51d431df5d7f141cbececcf79edf3dd861c3b4069f0b11661a3eefacbba918,124.0,6b51d431df5d7f141cbececcf79edf3dd861c3b4069f0b11661a3eefacbba918
10,124.0,6b51d431df5d7f141cbececcf79edf3dd861c3b4069f0b11661a3eefacbba918,123.0,6b51d431df5d7f141cbececcf79edf3dd861c3b4069f0b11661a3eefacbba918
10,123.0,6b51d431df5d7f141cbececcf79edf3dd861c3b4069f0b11661a3eefacbba918,122.0,6b51d431df5d7f141cbececcf79edf3dd861c3b4069f0b11661a3eefacbba918
10,122.0,6b51d431df5d7f141cbececcf79edf3dd861c3b4069f0b11661a3eefacbba918,121.0,6b51d431df5d7f141cbececcf79edf3dd861c3b4069f0b11661a3eefacbba918
10,121.0,6b51d431df5d7f141cbececcf79edf3dd861c3b4069f0b11661a3eefacbba918,120.0,6b51d431df5d7f141cbececcf79edf3dd861c3b4069f0b11661a3eefacbba918
10,120.0,6b51d431df5d7f141cbececcf79edf3dd861c3b4069f0b11661a3eefacbba918,119.0,6b51d431df5d7f141cbececcf79edf3dd861c3b4069f0b11661a3eefacbba918
10,119.0,6b51d431df5d7f141cbececcf79edf3dd861c3b4069f0b11661a3eefacbba918,118.0,6b51d431df5d7f141cbececcf79edf3dd861c3b4069f0b11661a3eefacbba918
10,118.0,6b51d431df5d7f141cbececcf79edf3dd861c3b4069f0b11661a3eefacbba918,117.0,4523540f1504cd17100c4835e85b7eefd49911580f8efff0599a8f283be6b9e3
10,117.0,4523540f1504cd17100c4835e85b7eefd49911580f8efff0599a8f283be6b9e3,116.0,4523540f1504cd17100c4835e85b7eefd49911580f8efff0599a8f283be6b9e3
10,116.0,4523540f1504cd17100c4835e85b7eefd49911580f8efff0599a8f283be6b9e3,115.0,4523540f1504cd17100c4835e85b7eefd49911580f8efff0599a8f283be6b9e3
10,115.0,4523540f1504cd17100c4835e85b7eefd49911580f8efff0599a8f283be6b9e3,114.0,4523540f1504cd17100c4835e85b7eefd49911580f8efff0599a8f283be6b9e3
10,114.0,4523540f1504cd17100c4835e85b7eefd49911580f8efff0599a8f283be6b9e3,113.0,4523540f1504cd17100c4835e85b7eefd49911580f8efff0599a8f283be6b9e3
10,113.0,4523540f1504cd17100c4835e85b7eefd49911580f8efff0599a8f283be6b9e3,112.0,4523540f1504cd17100c4835e85b7eefd49911580f8efff0599a8f283be6b9e3
10,112.0,4523540f1504cd17100c4835e85b7eefd49911580f8efff0599a8f283be6b9e3,111.0,4523540f1504cd17100c4835e85b7eefd49911580f8efff0599a8f283be6b9e3
