Run,Fitness1,Solution1,Fitness2,Solution2
1,136.0,811786ad1ae74adfdd20dd0372abaaebc6246e343aebd01da0bfc4c02bf0106c,132.0,76a50887d8f1c2e9301755428990ad81479ee21c25b43215cf524541e0503269
1,132.0,76a50887d8f1c2e9301755428990ad81479ee21c25b43215cf524541e0503269,132.0,76a50887d8f1c2e9301755428990ad81479ee21c25b43215cf524541e0503269
1,132.0,76a50887d8f1c2e9301755428990ad81479ee21c25b43215cf524541e0503269,131.0,f74efabef12ea619e30b79bddef89cffa9dda494761681ca862cff2871a85980
1,131.0,f74efabef12ea619e30b79bddef89cffa9dda494761681ca862cff2871a85980,131.0,f74efabef12ea619e30b79bddef89cffa9dda494761681ca862cff2871a85980
1,131.0,f74efabef12ea619e30b79bddef89cffa9dda494761681ca862cff2871a85980,130.0,f74efabef12ea619e30b79bddef89cffa9dda494761681ca862cff2871a85980
1,130.0,f74efabef12ea619e30b79bddef89cffa9dda494761681ca862cff2871a85980,130.0,f74efabef12ea619e30b79bddef89cffa9dda494761681ca862cff2871a85980
1,130.0,f74efabef12ea619e30b79bddef89cffa9dda494761681ca862cff2871a85980,127.0,f74efabef12ea619e30b79bddef89cffa9dda494761681ca862cff2871a85980
1,127.0,f74efabef12ea619e30b79bddef89cffa9dda494761681ca862cff2871a85980,127.0,f74efabef12ea619e30b79bddef89cffa9dda494761681ca862cff2871a85980
1,127.0,f74efabef12ea619e30b79bddef89cffa9dda494761681ca862cff2871a85980,126.0,f74efabef12ea619e30b79bddef89cffa9dda494761681ca862cff2871a85980
1,126.0,f74efabef12ea619e30b79bddef89cffa9dda494761681ca862cff2871a85980,126.0,f74efabef12ea619e30b79bddef89cffa9dda494761681ca862cff2871a85980
1,126.0,f74efabef12ea619e30b79bddef89cffa9dda494761681ca862cff2871a85980,125.0,f74efabef12ea619e30b79bddef89cffa9dda494761681ca862cff2871a85980
1,125.0,f74efabef12ea619e30b79bddef89cffa9dda494761681ca862cff2871a85980,125.0,f74efabef12ea619e30b79bddef89cffa9dda494761681ca862cff2871a85980
1,125.0,f74efabef12ea619e30b79bddef89cffa9dda494761681ca862cff2871a85980,124.0,f74efabef12ea619e30b79bddef89cffa9dda494761681ca862cff2871a85980
1,124.0,f74efabef12ea619e30b79bddef89cffa9dda494761681ca862cff2871a85980,124.0,f74efabef12ea619e30b79bddef89cffa9dda494761681ca862cff2871a85980
1,124.0,f74efabef12ea619e30b79bddef89cffa9dda494761681ca862cff2871a85980,123.0,f74efabef12ea619e30b79bddef89cffa9dda494761681ca862cff2871a85980
1,123.0,f74efabef12ea619e30b79bddef89cffa9dda494761681ca862cff2871a85980,123.0,f74efabef12ea619e30b79bddef89cffa9dda494761681ca862cff2871a85980
1,123.0,f74efabef12ea619e30b79bddef89cffa9dda494761681ca862cff2871a85980,122.0,f74efabef12ea619e30b79bddef89cffa9dda494761681ca862cff2871a85980
1,122.0,f74efabef12ea619e30b79bddef89cffa9dda494761681ca862cff2871a85980,122.0,f74efabef12ea619e30b79bddef89cffa9dda494761681ca862cff2871a85980
1,122.0,f74efabef12ea619e30b79bddef89cffa9dda494761681ca862cff2871a85980,121.0,f74efabef12ea619e30b79bddef89cffa9dda494761681ca862cff2871a85980
1,121.0,f74efabef12ea619e30b79bddef89cffa9dda494761681ca862cff2871a85980,121.0,f74efabef12ea619e30b79bddef89cffa9dda494761681ca862cff2871a85980
1,121.0,f74efabef12ea619e30b79bddef89cffa9dda494761681ca862cff2871a85980,120.0,f74efabef12ea619e30b79bddef89cffa9dda494761681ca862cff2871a85980
1,120.0,f74efabef12ea619e30b79bddef89cffa9dda494761681ca862cff2871a85980,120.0,f74efabef12ea619e30b79bddef89cffa9dda494761681ca862cff2871a85980
1,120.0,f74efabef12ea619e30b79bddef89cffa9dda494761681ca862cff2871a85980,119.0,f74efabef12ea619e30b79bddef89cffa9dda494761681ca862cff2871a85980
1,119.0,f74efabef12ea619e30b79bddef89cffa9dda494761681ca862cff2871a85980,119.0,f74efabef12ea619e30b79bddef89cffa9dda494761681ca862cff2871a85980
1,119.0,f74efabef12ea619e30b79bddef89cffa9dda494761681ca862cff2871a85980,118.0,f74efabef12ea619e30b79bddef89cffa9dda494761681ca862cff2871a85980
1,118.0,f74efabef12ea619e30b79bddef89cffa9dda494761681ca862cff2871a85980,118.0,f74efabef12ea619e30b79bddef89cffa9dda494761681ca862cff2871a85980
1,118.0,f74efabef12ea619e30b79bddef89cffa9dda494761681ca862cff2871a85980,117.0,f74efabef12ea619e30b79bddef89cffa9dda494761681ca862cff2871a85980
1,117.0,f74efabef12ea619e30b79bddef89cffa9dda494761681ca862cff2871a85980,117.0,f74efabef12ea619e30b79bddef89cffa9dda494761681ca862cff2871a85980
1,117.0,f74efabef12ea619e30b79bddef89cffa9dda494761681ca862cff2871a85980,116.0,3d914f9348c9cc0ff8a79716700b9fcd4d2f3e711608004eb8f138bcba7f14d9
1,116.0,3d914f9348c9cc0ff8a79716700b9fcd4d2f3e711608004eb8f138bcba7f14d9,116.0,3d914f9348c9cc0ff8a79716700b9fcd4d2f3e711608004eb8f138bcba7f14d9
1,116.0,3d914f9348c9cc0ff8a79716700b9fcd4d2f3e711608004eb8f138bcba7f14d9,115.0,3d914f9348c9cc0ff8a79716700b9fcd4d2f3e711608004eb8f138bcba7f14d9
1,115.0,3d914f9348c9cc0ff8a79716700b9fcd4d2f3e711608004eb8f138bcba7f14d9,115.0,3d914f9348c9cc0ff8a79716700b9fcd4d2f3e711608004eb8f138bcba7f14d9
1,115.0,3d914f9348c9cc0ff8a79716700b9fcd4d2f3e711608004eb8f138bcba7f14d9,114.0,3d914f9348c9cc0ff8a79716700b9fcd4d2f3e711608004eb8f138bcba7f14d9
1,114.0,3d914f9348c9cc0ff8a79716700b9fcd4d2f3e711608004eb8f138bcba7f14d9,114.0,3d914f9348c9cc0ff8a79716700b9fcd4d2f3e711608004eb8f138bcba7f14d9
1,114.0,3d914f9348c9cc0ff8a79716700b9fcd4d2f3e711608004eb8f138bcba7f14d9,113.0,3d914f9348c9cc0ff8a79716700b9fcd4d2f3e711608004eb8f138bcba7f14d9
1,113.0,3d914f9348c9cc0ff8a79716700b9fcd4d2f3e711608004eb8f138bcba7f14d9,113.0,3d914f9348c9cc0ff8a79716700b9fcd4d2f3e711608004eb8f138bcba7f14d9
1,113.0,3d914f9348c9cc0ff8a79716700b9fcd4d2f3e711608004eb8f138bcba7f14d9,112.0,3d914f9348c9cc0ff8a79716700b9fcd4d2f3e711608004eb8f138bcba7f14d9
2,133.0,a46e37632fa6ca51a13fe39a567b3c23b28c2f47d8af6be9bd63e030e214ba38,131.0,3fdba35f04dc8c462986c992bcf875546257113072a909c162f7e470e581e278
2,131.0,3fdba35f04dc8c462986c992bcf875546257113072a909c162f7e470e581e278,131.0,3fdba35f04dc8c462986c992bcf875546257113072a909c162f7e470e581e278
2,131.0,3fdba35f04dc8c462986c992bcf875546257113072a909c162f7e470e581e278,130.0,3fdba35f04dc8c462986c992bcf875546257113072a909c162f7e470e581e278
2,130.0,3fdba35f04dc8c462986c992bcf875546257113072a909c162f7e470e581e278,130.0,3fdba35f04dc8c462986c992bcf875546257113072a909c162f7e470e581e278
2,130.0,3fdba35f04dc8c462986c992bcf875546257113072a909c162f7e470e581e278,129.0,3fdba35f04dc8c462986c992bcf875546257113072a909c162f7e470e581e278
2,129.0,3fdba35f04dc8c462986c992bcf875546257113072a909c162f7e470e581e278,129.0,3fdba35f04dc8c462986c992bcf875546257113072a909c162f7e470e581e278
2,129.0,3fdba35f04dc8c462986c992bcf875546257113072a909c162f7e470e581e278,128.0,3fdba35f04dc8c462986c992bcf875546257113072a909c162f7e470e581e278
2,128.0,3fdba35f04dc8c462986c992bcf875546257113072a909c162f7e470e581e278,128.0,3fdba35f04dc8c462986c992bcf875546257113072a909c162f7e470e581e278
2,128.0,3fdba35f04dc8c462986c992bcf875546257113072a909c162f7e470e581e278,127.0,3fdba35f04dc8c462986c992bcf875546257113072a909c162f7e470e581e278
2,127.0,3fdba35f04dc8c462986c992bcf875546257113072a909c162f7e470e581e278,127.0,3fdba35f04dc8c462986c992bcf875546257113072a909c162f7e470e581e278
2,127.0,3fdba35f04dc8c462986c992bcf875546257113072a909c162f7e470e581e278,126.0,3fdba35f04dc8c462986c992bcf875546257113072a909c162f7e470e581e278
2,126.0,3fdba35f04dc8c462986c992bcf875546257113072a909c162f7e470e581e278,126.0,3fdba35f04dc8c462986c992bcf875546257113072a909c162f7e470e581e278
2,126.0,3fdba35f04dc8c462986c992bcf875546257113072a909c162f7e470e581e278,125.0,3fdba35f04dc8c462986c992bcf875546257113072a909c162f7e470e581e278
2,125.0,3fdba35f04dc8c462986c992bcf875546257113072a909c162f7e470e581e278,125.0,3fdba35f04dc8c462986c992bcf875546257113072a909c162f7e470e581e278
2,125.0,3fdba35f04dc8c462986c992bcf875546257113072a909c162f7e470e581e278,124.0,3fdba35f04dc8c462986c992bcf875546257113072a909c162f7e470e581e278
2,124.0,3fdba35f04dc8c462986c992bcf875546257113072a909c162f7e470e581e278,124.0,3fdba35f04dc8c462986c992bcf875546257113072a909c162f7e470e581e278
2,124.0,3fdba35f04dc8c462986c992bcf875546257113072a909c162f7e470e581e278,123.0,3fdba35f04dc8c462986c992bcf875546257113072a909c162f7e470e581e278
2,123.0,3fdba35f04dc8c462986c992bcf875546257113072a909c162f7e470e581e278,123.0,3fdba35f04dc8c462986c992bcf875546257113072a909c162f7e470e581e278
2,123.0,3fdba35f04dc8c462986c992bcf875546257113072a909c162f7e470e581e278,122.0,3fdba35f04dc8c462986c992bcf875546257113072a909c162f7e470e581e278
2,122.0,3fdba35f04dc8c462986c992bcf875546257113072a909c162f7e470e581e278,122.0,3fdba35f04dc8c462986c992bcf875546257113072a909c162f7e470e581e278
2,122.0,3fdba35f04dc8c462986c992bcf875546257113072a909c162f7e470e581e278,121.0,3fdba35f04dc8c462986c992bcf875546257113072a909c162f7e470e581e278
2,121.0,3fdba35f04dc8c462986c992bcf875546257113072a909c162f7e470e581e278,121.0,3fdba35f04dc8c462986c992bcf875546257113072a909c162f7e470e581e278
2,121.0,3fdba35f04dc8c462986c992bcf875546257113072a909c162f7e470e581e278,120.0,3fdba35f04dc8c462986c992bcf875546257113072a909c162f7e470e581e278
2,120.0,3fdba35f04dc8c462986c992bcf875546257113072a909c162f7e470e581e278,120.0,3fdba35f04dc8c462986c992bcf875546257113072a909c162f7e470e581e278
2,120.0,3fdba35f04dc8c462986c992bcf875546257113072a909c162f7e470e581e278,119.0,49d180ecf56132819571bf39d9b7b342522a2ac6d23c1418d3338251bfe469c8
2,119.0,49d180ecf56132819571bf39d9b7b342522a2ac6d23c1418d3338251bfe469c8,119.0,49d180ecf56132819571bf39d9b7b342522a2ac6d23c1418d3338251bfe469c8
2,119.0,49d180ecf56132819571bf39d9b7b342522a2ac6d23c1418d3338251bfe469c8,118.0,49d180ecf56132819571bf39d9b7b342522a2ac6d23c1418d3338251bfe469c8
2,118.0,49d180ecf56132819571bf39d9b7b342522a2ac6d23c1418d3338251bfe469c8,118.0,49d180ecf56132819571bf39d9b7b342522a2ac6d23c1418d3338251bfe469c8
2,118.0,49d180ecf56132819571bf39d9b7b342522a2ac6d23c1418d3338251bfe469c8,117.0,49d180ecf56132819571bf39d9b7b342522a2ac6d23c1418d3338251bfe469c8
2,117.0,49d180ecf56132819571bf39d9b7b342522a2ac6d23c1418d3338251bfe469c8,117.0,49d180ecf56132819571bf39d9b7b342522a2ac6d23c1418d3338251bfe469c8
2,117.0,49d180ecf56132819571bf39d9b7b342522a2ac6d23c1418d3338251bfe469c8,116.0,49d180ecf56132819571bf39d9b7b342522a2ac6d23c1418d3338251bfe469c8
2,116.0,49d180ecf56132819571bf39d9b7b342522a2ac6d23c1418d3338251bfe469c8,116.0,49d180ecf56132819571bf39d9b7b342522a2ac6d23c1418d3338251bfe469c8
2,116.0,49d180ecf56132819571bf39d9b7b342522a2ac6d23c1418d3338251bfe469c8,115.0,49d180ecf56132819571bf39d9b7b342522a2ac6d23c1418d3338251bfe469c8
2,115.0,49d180ecf56132819571bf39d9b7b342522a2ac6d23c1418d3338251bfe469c8,115.0,49d180ecf56132819571bf39d9b7b342522a2ac6d23c1418d3338251bfe469c8
2,115.0,49d180ecf56132819571bf39d9b7b342522a2ac6d23c1418d3338251bfe469c8,114.0,49d180ecf56132819571bf39d9b7b342522a2ac6d23c1418d3338251bfe469c8
2,114.0,49d180ecf56132819571bf39d9b7b342522a2ac6d23c1418d3338251bfe469c8,114.0,49d180ecf56132819571bf39d9b7b342522a2ac6d23c1418d3338251bfe469c8
2,114.0,49d180ecf56132819571bf39d9b7b342522a2ac6d23c1418d3338251bfe469c8,113.0,49d180ecf56132819571bf39d9b7b342522a2ac6d23c1418d3338251bfe469c8
2,113.0,49d180ecf56132819571bf39d9b7b342522a2ac6d23c1418d3338251bfe469c8,113.0,49d180ecf56132819571bf39d9b7b342522a2ac6d23c1418d3338251bfe469c8
2,113.0,49d180ecf56132819571bf39d9b7b342522a2ac6d23c1418d3338251bfe469c8,112.0,49d180ecf56132819571bf39d9b7b342522a2ac6d23c1418d3338251bfe469c8
2,112.0,49d180ecf56132819571bf39d9b7b342522a2ac6d23c1418d3338251bfe469c8,112.0,49d180ecf56132819571bf39d9b7b342522a2ac6d23c1418d3338251bfe469c8
2,112.0,49d180ecf56132819571bf39d9b7b342522a2ac6d23c1418d3338251bfe469c8,111.0,49d180ecf56132819571bf39d9b7b342522a2ac6d23c1418d3338251bfe469c8
3,203.0,96061e92f58e4bdcdee73df36183fe3ac64747c81c26f6c83aada8d2aabb1864,198.0,4a44dc15364204a80fe80e9039455cc1608281820fe2b24f1e5233ade6af1dd5
3,198.0,4a44dc15364204a80fe80e9039455cc1608281820fe2b24f1e5233ade6af1dd5,198.0,4a44dc15364204a80fe80e9039455cc1608281820fe2b24f1e5233ade6af1dd5
3,198.0,4a44dc15364204a80fe80e9039455cc1608281820fe2b24f1e5233ade6af1dd5,196.0,e29c9c180c6279b0b02abd6a1801c7c04082cf486ec027aa13515e4f3884bb6b
3,196.0,e29c9c180c6279b0b02abd6a1801c7c04082cf486ec027aa13515e4f3884bb6b,196.0,e29c9c180c6279b0b02abd6a1801c7c04082cf486ec027aa13515e4f3884bb6b
3,196.0,e29c9c180c6279b0b02abd6a1801c7c04082cf486ec027aa13515e4f3884bb6b,134.0,02d20bbd7e394ad5999a4cebabac9619732c343a4cac99470c03e23ba2bdc2bc
3,134.0,02d20bbd7e394ad5999a4cebabac9619732c343a4cac99470c03e23ba2bdc2bc,134.0,02d20bbd7e394ad5999a4cebabac9619732c343a4cac99470c03e23ba2bdc2bc
3,134.0,02d20bbd7e394ad5999a4cebabac9619732c343a4cac99470c03e23ba2bdc2bc,126.0,0b918943df0962bc7a1824c0555a389347b4febdc7cf9d1254406d80ce44e3f9
3,126.0,0b918943df0962bc7a1824c0555a389347b4febdc7cf9d1254406d80ce44e3f9,126.0,0b918943df0962bc7a1824c0555a389347b4febdc7cf9d1254406d80ce44e3f9
3,126.0,0b918943df0962bc7a1824c0555a389347b4febdc7cf9d1254406d80ce44e3f9,125.0,0b918943df0962bc7a1824c0555a389347b4febdc7cf9d1254406d80ce44e3f9
3,125.0,0b918943df0962bc7a1824c0555a389347b4febdc7cf9d1254406d80ce44e3f9,125.0,0b918943df0962bc7a1824c0555a389347b4febdc7cf9d1254406d80ce44e3f9
3,125.0,0b918943df0962bc7a1824c0555a389347b4febdc7cf9d1254406d80ce44e3f9,124.0,0b918943df0962bc7a1824c0555a389347b4febdc7cf9d1254406d80ce44e3f9
3,124.0,0b918943df0962bc7a1824c0555a389347b4febdc7cf9d1254406d80ce44e3f9,124.0,0b918943df0962bc7a1824c0555a389347b4febdc7cf9d1254406d80ce44e3f9
3,124.0,0b918943df0962bc7a1824c0555a389347b4febdc7cf9d1254406d80ce44e3f9,123.0,0b918943df0962bc7a1824c0555a389347b4febdc7cf9d1254406d80ce44e3f9
3,123.0,0b918943df0962bc7a1824c0555a389347b4febdc7cf9d1254406d80ce44e3f9,123.0,0b918943df0962bc7a1824c0555a389347b4febdc7cf9d1254406d80ce44e3f9
3,123.0,0b918943df0962bc7a1824c0555a389347b4febdc7cf9d1254406d80ce44e3f9,122.0,0b918943df0962bc7a1824c0555a389347b4febdc7cf9d1254406d80ce44e3f9
3,122.0,0b918943df0962bc7a1824c0555a389347b4febdc7cf9d1254406d80ce44e3f9,122.0,0b918943df0962bc7a1824c0555a389347b4febdc7cf9d1254406d80ce44e3f9
3,122.0,0b918943df0962bc7a1824c0555a389347b4febdc7cf9d1254406d80ce44e3f9,121.0,0b918943df0962bc7a1824c0555a389347b4febdc7cf9d1254406d80ce44e3f9
3,121.0,0b918943df0962bc7a1824c0555a389347b4febdc7cf9d1254406d80ce44e3f9,121.0,0b918943df0962bc7a1824c0555a389347b4febdc7cf9d1254406d80ce44e3f9
3,121.0,0b918943df0962bc7a1824c0555a389347b4febdc7cf9d1254406d80ce44e3f9,120.0,0b918943df0962bc7a1824c0555a389347b4febdc7cf9d1254406d80ce44e3f9
3,120.0,0b918943df0962bc7a1824c0555a389347b4febdc7cf9d1254406d80ce44e3f9,120.0,0b918943df0962bc7a1824c0555a389347b4febdc7cf9d1254406d80ce44e3f9
3,120.0,0b918943df0962bc7a1824c0555a389347b4febdc7cf9d1254406d80ce44e3f9,119.0,0b918943df0962bc7a1824c0555a389347b4febdc7cf9d1254406d80ce44e3f9
3,119.0,0b918943df0962bc7a1824c0555a389347b4febdc7cf9d1254406d80ce44e3f9,119.0,0b918943df0962bc7a1824c0555a389347b4febdc7cf9d1254406d80ce44e3f9
3,119.0,0b918943df0962bc7a1824c0555a389347b4febdc7cf9d1254406d80ce44e3f9,118.0,0b918943df0962bc7a1824c0555a389347b4febdc7cf9d1254406d80ce44e3f9
3,118.0,0b918943df0962bc7a1824c0555a389347b4febdc7cf9d1254406d80ce44e3f9,118.0,0b918943df0962bc7a1824c0555a389347b4febdc7cf9d1254406d80ce44e3f9
3,118.0,0b918943df0962bc7a1824c0555a389347b4febdc7cf9d1254406d80ce44e3f9,117.0,0b918943df0962bc7a1824c0555a389347b4febdc7cf9d1254406d80ce44e3f9
3,117.0,0b918943df0962bc7a1824c0555a389347b4febdc7cf9d1254406d80ce44e3f9,117.0,0b918943df0962bc7a1824c0555a389347b4febdc7cf9d1254406d80ce44e3f9
3,117.0,0b918943df0962bc7a1824c0555a389347b4febdc7cf9d1254406d80ce44e3f9,116.0,0b918943df0962bc7a1824c0555a389347b4febdc7cf9d1254406d80ce44e3f9
3,116.0,0b918943df0962bc7a1824c0555a389347b4febdc7cf9d1254406d80ce44e3f9,116.0,0b918943df0962bc7a1824c0555a389347b4febdc7cf9d1254406d80ce44e3f9
3,116.0,0b918943df0962bc7a1824c0555a389347b4febdc7cf9d1254406d80ce44e3f9,115.0,0b918943df0962bc7a1824c0555a389347b4febdc7cf9d1254406d80ce44e3f9
3,115.0,0b918943df0962bc7a1824c0555a389347b4febdc7cf9d1254406d80ce44e3f9,115.0,0b918943df0962bc7a1824c0555a389347b4febdc7cf9d1254406d80ce44e3f9
3,115.0,0b918943df0962bc7a1824c0555a389347b4febdc7cf9d1254406d80ce44e3f9,114.0,3d914f9348c9cc0ff8a79716700b9fcd4d2f3e711608004eb8f138bcba7f14d9
3,114.0,3d914f9348c9cc0ff8a79716700b9fcd4d2f3e711608004eb8f138bcba7f14d9,114.0,3d914f9348c9cc0ff8a79716700b9fcd4d2f3e711608004eb8f138bcba7f14d9
3,114.0,3d914f9348c9cc0ff8a79716700b9fcd4d2f3e711608004eb8f138bcba7f14d9,113.0,3d914f9348c9cc0ff8a79716700b9fcd4d2f3e711608004eb8f138bcba7f14d9
3,113.0,3d914f9348c9cc0ff8a79716700b9fcd4d2f3e711608004eb8f138bcba7f14d9,113.0,3d914f9348c9cc0ff8a79716700b9fcd4d2f3e711608004eb8f138bcba7f14d9
3,113.0,3d914f9348c9cc0ff8a79716700b9fcd4d2f3e711608004eb8f138bcba7f14d9,112.0,3d914f9348c9cc0ff8a79716700b9fcd4d2f3e711608004eb8f138bcba7f14d9
4,202.0,19581e27de7ced00ff1ce50b2047e7a567c76b1cbaebabe5ef03f7c3017bb5b7,193.0,c6f3ac57944a531490cd39902d0f777715fd005efac9a30622d5f5205e7f6894
4,193.0,c6f3ac57944a531490cd39902d0f777715fd005efac9a30622d5f5205e7f6894,193.0,c6f3ac57944a531490cd39902d0f777715fd005efac9a30622d5f5205e7f6894
4,193.0,c6f3ac57944a531490cd39902d0f777715fd005efac9a30622d5f5205e7f6894,132.0,7902699be42c8a8e46fbbb4501726517e86b22c56a189f7625a6da49081b2451
4,132.0,7902699be42c8a8e46fbbb4501726517e86b22c56a189f7625a6da49081b2451,132.0,7902699be42c8a8e46fbbb4501726517e86b22c56a189f7625a6da49081b2451
4,132.0,7902699be42c8a8e46fbbb4501726517e86b22c56a189f7625a6da49081b2451,130.0,86e50149658661312a9e0b35558d84f6c6d3da797f552a9657fe0558ca40cdef
4,130.0,86e50149658661312a9e0b35558d84f6c6d3da797f552a9657fe0558ca40cdef,130.0,86e50149658661312a9e0b35558d84f6c6d3da797f552a9657fe0558ca40cdef
4,130.0,86e50149658661312a9e0b35558d84f6c6d3da797f552a9657fe0558ca40cdef,129.0,2c624232cdd221771294dfbb310aca000a0df6ac8b66b696d90ef06fdefb64a3
4,129.0,2c624232cdd221771294dfbb310aca000a0df6ac8b66b696d90ef06fdefb64a3,129.0,2c624232cdd221771294dfbb310aca000a0df6ac8b66b696d90ef06fdefb64a3
4,129.0,2c624232cdd221771294dfbb310aca000a0df6ac8b66b696d90ef06fdefb64a3,128.0,2c624232cdd221771294dfbb310aca000a0df6ac8b66b696d90ef06fdefb64a3
4,128.0,2c624232cdd221771294dfbb310aca000a0df6ac8b66b696d90ef06fdefb64a3,128.0,2c624232cdd221771294dfbb310aca000a0df6ac8b66b696d90ef06fdefb64a3
4,128.0,2c624232cdd221771294dfbb310aca000a0df6ac8b66b696d90ef06fdefb64a3,127.0,2c624232cdd221771294dfbb310aca000a0df6ac8b66b696d90ef06fdefb64a3
4,127.0,2c624232cdd221771294dfbb310aca000a0df6ac8b66b696d90ef06fdefb64a3,127.0,2c624232cdd221771294dfbb310aca000a0df6ac8b66b696d90ef06fdefb64a3
4,127.0,2c624232cdd221771294dfbb310aca000a0df6ac8b66b696d90ef06fdefb64a3,126.0,2c624232cdd221771294dfbb310aca000a0df6ac8b66b696d90ef06fdefb64a3
4,126.0,2c624232cdd221771294dfbb310aca000a0df6ac8b66b696d90ef06fdefb64a3,126.0,2c624232cdd221771294dfbb310aca000a0df6ac8b66b696d90ef06fdefb64a3
4,126.0,2c624232cdd221771294dfbb310aca000a0df6ac8b66b696d90ef06fdefb64a3,125.0,2c624232cdd221771294dfbb310aca000a0df6ac8b66b696d90ef06fdefb64a3
4,125.0,2c624232cdd221771294dfbb310aca000a0df6ac8b66b696d90ef06fdefb64a3,125.0,2c624232cdd221771294dfbb310aca000a0df6ac8b66b696d90ef06fdefb64a3
4,125.0,2c624232cdd221771294dfbb310aca000a0df6ac8b66b696d90ef06fdefb64a3,124.0,2c624232cdd221771294dfbb310aca000a0df6ac8b66b696d90ef06fdefb64a3
4,124.0,2c624232cdd221771294dfbb310aca000a0df6ac8b66b696d90ef06fdefb64a3,124.0,2c624232cdd221771294dfbb310aca000a0df6ac8b66b696d90ef06fdefb64a3
4,124.0,2c624232cdd221771294dfbb310aca000a0df6ac8b66b696d90ef06fdefb64a3,123.0,7688b6ef52555962d008fff894223582c484517cea7da49ee67800adc7fc8866
4,123.0,7688b6ef52555962d008fff894223582c484517cea7da49ee67800adc7fc8866,123.0,7688b6ef52555962d008fff894223582c484517cea7da49ee67800adc7fc8866
4,123.0,7688b6ef52555962d008fff894223582c484517cea7da49ee67800adc7fc8866,122.0,7688b6ef52555962d008fff894223582c484517cea7da49ee67800adc7fc8866
4,122.0,7688b6ef52555962d008fff894223582c484517cea7da49ee67800adc7fc8866,122.0,7688b6ef52555962d008fff894223582c484517cea7da49ee67800adc7fc8866
4,122.0,7688b6ef52555962d008fff894223582c484517cea7da49ee67800adc7fc8866,121.0,7688b6ef52555962d008fff894223582c484517cea7da49ee67800adc7fc8866
4,121.0,7688b6ef52555962d008fff894223582c484517cea7da49ee67800adc7fc8866,121.0,7688b6ef52555962d008fff894223582c484517cea7da49ee67800adc7fc8866
4,121.0,7688b6ef52555962d008fff894223582c484517cea7da49ee67800adc7fc8866,120.0,7688b6ef52555962d008fff894223582c484517cea7da49ee67800adc7fc8866
4,120.0,7688b6ef52555962d008fff894223582c484517cea7da49ee67800adc7fc8866,120.0,7688b6ef52555962d008fff894223582c484517cea7da49ee67800adc7fc8866
4,120.0,7688b6ef52555962d008fff894223582c484517cea7da49ee67800adc7fc8866,119.0,7688b6ef52555962d008fff894223582c484517cea7da49ee67800adc7fc8866
4,119.0,7688b6ef52555962d008fff894223582c484517cea7da49ee67800adc7fc8866,119.0,7688b6ef52555962d008fff894223582c484517cea7da49ee67800adc7fc8866
4,119.0,7688b6ef52555962d008fff894223582c484517cea7da49ee67800adc7fc8866,118.0,7688b6ef52555962d008fff894223582c484517cea7da49ee67800adc7fc8866
4,118.0,7688b6ef52555962d008fff894223582c484517cea7da49ee67800adc7fc8866,118.0,7688b6ef52555962d008fff894223582c484517cea7da49ee67800adc7fc8866
4,118.0,7688b6ef52555962d008fff894223582c484517cea7da49ee67800adc7fc8866,117.0,7688b6ef52555962d008fff894223582c484517cea7da49ee67800adc7fc8866
4,117.0,7688b6ef52555962d008fff894223582c484517cea7da49ee67800adc7fc8866,117.0,7688b6ef52555962d008fff894223582c484517cea7da49ee67800adc7fc8866
4,117.0,7688b6ef52555962d008fff894223582c484517cea7da49ee67800adc7fc8866,116.0,7688b6ef52555962d008fff894223582c484517cea7da49ee67800adc7fc8866
4,116.0,7688b6ef52555962d008fff894223582c484517cea7da49ee67800adc7fc8866,116.0,7688b6ef52555962d008fff894223582c484517cea7da49ee67800adc7fc8866
4,116.0,7688b6ef52555962d008fff894223582c484517cea7da49ee67800adc7fc8866,115.0,7688b6ef52555962d008fff894223582c484517cea7da49ee67800adc7fc8866
4,115.0,7688b6ef52555962d008fff894223582c484517cea7da49ee67800adc7fc8866,115.0,7688b6ef52555962d008fff894223582c484517cea7da49ee67800adc7fc8866
4,115.0,7688b6ef52555962d008fff894223582c484517cea7da49ee67800adc7fc8866,114.0,624b60c58c9d8bfb6ff1886c2fd605d2adeb6ea4da576068201b6c6958ce93f4
4,114.0,624b60c58c9d8bfb6ff1886c2fd605d2adeb6ea4da576068201b6c6958ce93f4,114.0,624b60c58c9d8bfb6ff1886c2fd605d2adeb6ea4da576068201b6c6958ce93f4
4,114.0,624b60c58c9d8bfb6ff1886c2fd605d2adeb6ea4da576068201b6c6958ce93f4,113.0,624b60c58c9d8bfb6ff1886c2fd605d2adeb6ea4da576068201b6c6958ce93f4
4,113.0,624b60c58c9d8bfb6ff1886c2fd605d2adeb6ea4da576068201b6c6958ce93f4,113.0,624b60c58c9d8bfb6ff1886c2fd605d2adeb6ea4da576068201b6c6958ce93f4
4,113.0,624b60c58c9d8bfb6ff1886c2fd605d2adeb6ea4da576068201b6c6958ce93f4,112.0,624b60c58c9d8bfb6ff1886c2fd605d2adeb6ea4da576068201b6c6958ce93f4
4,112.0,624b60c58c9d8bfb6ff1886c2fd605d2adeb6ea4da576068201b6c6958ce93f4,112.0,624b60c58c9d8bfb6ff1886c2fd605d2adeb6ea4da576068201b6c6958ce93f4
4,112.0,624b60c58c9d8bfb6ff1886c2fd605d2adeb6ea4da576068201b6c6958ce93f4,111.0,624b60c58c9d8bfb6ff1886c2fd605d2adeb6ea4da576068201b6c6958ce93f4
4,111.0,624b60c58c9d8bfb6ff1886c2fd605d2adeb6ea4da576068201b6c6958ce93f4,111.0,624b60c58c9d8bfb6ff1886c2fd605d2adeb6ea4da576068201b6c6958ce93f4
4,111.0,624b60c58c9d8bfb6ff1886c2fd605d2adeb6ea4da576068201b6c6958ce93f4,110.0,624b60c58c9d8bfb6ff1886c2fd605d2adeb6ea4da576068201b6c6958ce93f4
5,201.0,aea92132c4cbeb263e6ac2bf6c183b5d81737f179f21efdc5863739672f0f470,195.0,4ec9599fc203d176a301536c2e091a19bc852759b255bd6818810a42c5fed14a
5,195.0,4ec9599fc203d176a301536c2e091a19bc852759b255bd6818810a42c5fed14a,195.0,4ec9599fc203d176a301536c2e091a19bc852759b255bd6818810a42c5fed14a
5,195.0,4ec9599fc203d176a301536c2e091a19bc852759b255bd6818810a42c5fed14a,136.0,9f14025af0065b30e47e23ebb3b491d39ae8ed17d33739e5ff3827ffb3634953
5,136.0,9f14025af0065b30e47e23ebb3b491d39ae8ed17d33739e5ff3827ffb3634953,136.0,9f14025af0065b30e47e23ebb3b491d39ae8ed17d33739e5ff3827ffb3634953
5,136.0,9f14025af0065b30e47e23ebb3b491d39ae8ed17d33739e5ff3827ffb3634953,135.0,2858dcd1057d3eae7f7d5f782167e24b61153c01551450a628cee722509f6529
5,135.0,2858dcd1057d3eae7f7d5f782167e24b61153c01551450a628cee722509f6529,135.0,2858dcd1057d3eae7f7d5f782167e24b61153c01551450a628cee722509f6529
5,135.0,2858dcd1057d3eae7f7d5f782167e24b61153c01551450a628cee722509f6529,134.0,4fc82b26aecb47d2868c4efbe3581732a3e7cbcc6c2efb32062c08170a05eeb8
5,134.0,4fc82b26aecb47d2868c4efbe3581732a3e7cbcc6c2efb32062c08170a05eeb8,134.0,4fc82b26aecb47d2868c4efbe3581732a3e7cbcc6c2efb32062c08170a05eeb8
5,134.0,4fc82b26aecb47d2868c4efbe3581732a3e7cbcc6c2efb32062c08170a05eeb8,132.0,3e1e967e9b793e908f8eae83c74dba9bcccce6a5535b4b462bd9994537bfe15c
5,132.0,3e1e967e9b793e908f8eae83c74dba9bcccce6a5535b4b462bd9994537bfe15c,132.0,3e1e967e9b793e908f8eae83c74dba9bcccce6a5535b4b462bd9994537bfe15c
5,132.0,3e1e967e9b793e908f8eae83c74dba9bcccce6a5535b4b462bd9994537bfe15c,130.0,41cfc0d1f2d127b04555b7246d84019b4d27710a3f3aff6e7764375b1e06e05d
5,130.0,41cfc0d1f2d127b04555b7246d84019b4d27710a3f3aff6e7764375b1e06e05d,130.0,41cfc0d1f2d127b04555b7246d84019b4d27710a3f3aff6e7764375b1e06e05d
5,130.0,41cfc0d1f2d127b04555b7246d84019b4d27710a3f3aff6e7764375b1e06e05d,129.0,41cfc0d1f2d127b04555b7246d84019b4d27710a3f3aff6e7764375b1e06e05d
5,129.0,41cfc0d1f2d127b04555b7246d84019b4d27710a3f3aff6e7764375b1e06e05d,129.0,41cfc0d1f2d127b04555b7246d84019b4d27710a3f3aff6e7764375b1e06e05d
5,129.0,41cfc0d1f2d127b04555b7246d84019b4d27710a3f3aff6e7764375b1e06e05d,128.0,41cfc0d1f2d127b04555b7246d84019b4d27710a3f3aff6e7764375b1e06e05d
5,128.0,41cfc0d1f2d127b04555b7246d84019b4d27710a3f3aff6e7764375b1e06e05d,128.0,41cfc0d1f2d127b04555b7246d84019b4d27710a3f3aff6e7764375b1e06e05d
5,128.0,41cfc0d1f2d127b04555b7246d84019b4d27710a3f3aff6e7764375b1e06e05d,127.0,41cfc0d1f2d127b04555b7246d84019b4d27710a3f3aff6e7764375b1e06e05d
5,127.0,41cfc0d1f2d127b04555b7246d84019b4d27710a3f3aff6e7764375b1e06e05d,127.0,41cfc0d1f2d127b04555b7246d84019b4d27710a3f3aff6e7764375b1e06e05d
5,127.0,41cfc0d1f2d127b04555b7246d84019b4d27710a3f3aff6e7764375b1e06e05d,126.0,41cfc0d1f2d127b04555b7246d84019b4d27710a3f3aff6e7764375b1e06e05d
5,126.0,41cfc0d1f2d127b04555b7246d84019b4d27710a3f3aff6e7764375b1e06e05d,126.0,41cfc0d1f2d127b04555b7246d84019b4d27710a3f3aff6e7764375b1e06e05d
5,126.0,41cfc0d1f2d127b04555b7246d84019b4d27710a3f3aff6e7764375b1e06e05d,125.0,41cfc0d1f2d127b04555b7246d84019b4d27710a3f3aff6e7764375b1e06e05d
5,125.0,41cfc0d1f2d127b04555b7246d84019b4d27710a3f3aff6e7764375b1e06e05d,125.0,41cfc0d1f2d127b04555b7246d84019b4d27710a3f3aff6e7764375b1e06e05d
5,125.0,41cfc0d1f2d127b04555b7246d84019b4d27710a3f3aff6e7764375b1e06e05d,124.0,41cfc0d1f2d127b04555b7246d84019b4d27710a3f3aff6e7764375b1e06e05d
5,124.0,41cfc0d1f2d127b04555b7246d84019b4d27710a3f3aff6e7764375b1e06e05d,124.0,41cfc0d1f2d127b04555b7246d84019b4d27710a3f3aff6e7764375b1e06e05d
5,124.0,41cfc0d1f2d127b04555b7246d84019b4d27710a3f3aff6e7764375b1e06e05d,123.0,41cfc0d1f2d127b04555b7246d84019b4d27710a3f3aff6e7764375b1e06e05d
5,123.0,41cfc0d1f2d127b04555b7246d84019b4d27710a3f3aff6e7764375b1e06e05d,123.0,41cfc0d1f2d127b04555b7246d84019b4d27710a3f3aff6e7764375b1e06e05d
5,123.0,41cfc0d1f2d127b04555b7246d84019b4d27710a3f3aff6e7764375b1e06e05d,122.0,41cfc0d1f2d127b04555b7246d84019b4d27710a3f3aff6e7764375b1e06e05d
5,122.0,41cfc0d1f2d127b04555b7246d84019b4d27710a3f3aff6e7764375b1e06e05d,122.0,41cfc0d1f2d127b04555b7246d84019b4d27710a3f3aff6e7764375b1e06e05d
5,122.0,41cfc0d1f2d127b04555b7246d84019b4d27710a3f3aff6e7764375b1e06e05d,121.0,41cfc0d1f2d127b04555b7246d84019b4d27710a3f3aff6e7764375b1e06e05d
5,121.0,41cfc0d1f2d127b04555b7246d84019b4d27710a3f3aff6e7764375b1e06e05d,121.0,41cfc0d1f2d127b04555b7246d84019b4d27710a3f3aff6e7764375b1e06e05d
5,121.0,41cfc0d1f2d127b04555b7246d84019b4d27710a3f3aff6e7764375b1e06e05d,120.0,41cfc0d1f2d127b04555b7246d84019b4d27710a3f3aff6e7764375b1e06e05d
5,120.0,41cfc0d1f2d127b04555b7246d84019b4d27710a3f3aff6e7764375b1e06e05d,120.0,41cfc0d1f2d127b04555b7246d84019b4d27710a3f3aff6e7764375b1e06e05d
5,120.0,41cfc0d1f2d127b04555b7246d84019b4d27710a3f3aff6e7764375b1e06e05d,119.0,39fa9ec190eee7b6f4dff1100d6343e10918d044c75eac8f9e9a2596173f80c9
5,119.0,39fa9ec190eee7b6f4dff1100d6343e10918d044c75eac8f9e9a2596173f80c9,119.0,39fa9ec190eee7b6f4dff1100d6343e10918d044c75eac8f9e9a2596173f80c9
5,119.0,39fa9ec190eee7b6f4dff1100d6343e10918d044c75eac8f9e9a2596173f80c9,118.0,39fa9ec190eee7b6f4dff1100d6343e10918d044c75eac8f9e9a2596173f80c9
5,118.0,39fa9ec190eee7b6f4dff1100d6343e10918d044c75eac8f9e9a2596173f80c9,118.0,39fa9ec190eee7b6f4dff1100d6343e10918d044c75eac8f9e9a2596173f80c9
5,118.0,39fa9ec190eee7b6f4dff1100d6343e10918d044c75eac8f9e9a2596173f80c9,117.0,39fa9ec190eee7b6f4dff1100d6343e10918d044c75eac8f9e9a2596173f80c9
5,117.0,39fa9ec190eee7b6f4dff1100d6343e10918d044c75eac8f9e9a2596173f80c9,117.0,39fa9ec190eee7b6f4dff1100d6343e10918d044c75eac8f9e9a2596173f80c9
5,117.0,39fa9ec190eee7b6f4dff1100d6343e10918d044c75eac8f9e9a2596173f80c9,116.0,39fa9ec190eee7b6f4dff1100d6343e10918d044c75eac8f9e9a2596173f80c9
5,116.0,39fa9ec190eee7b6f4dff1100d6343e10918d044c75eac8f9e9a2596173f80c9,116.0,39fa9ec190eee7b6f4dff1100d6343e10918d044c75eac8f9e9a2596173f80c9
5,116.0,39fa9ec190eee7b6f4dff1100d6343e10918d044c75eac8f9e9a2596173f80c9,115.0,39fa9ec190eee7b6f4dff1100d6343e10918d044c75eac8f9e9a2596173f80c9
5,115.0,39fa9ec190eee7b6f4dff1100d6343e10918d044c75eac8f9e9a2596173f80c9,115.0,39fa9ec190eee7b6f4dff1100d6343e10918d044c75eac8f9e9a2596173f80c9
5,115.0,39fa9ec190eee7b6f4dff1100d6343e10918d044c75eac8f9e9a2596173f80c9,114.0,39fa9ec190eee7b6f4dff1100d6343e10918d044c75eac8f9e9a2596173f80c9
5,114.0,39fa9ec190eee7b6f4dff1100d6343e10918d044c75eac8f9e9a2596173f80c9,114.0,39fa9ec190eee7b6f4dff1100d6343e10918d044c75eac8f9e9a2596173f80c9
5,114.0,39fa9ec190eee7b6f4dff1100d6343e10918d044c75eac8f9e9a2596173f80c9,113.0,39fa9ec190eee7b6f4dff1100d6343e10918d044c75eac8f9e9a2596173f80c9
5,113.0,39fa9ec190eee7b6f4dff1100d6343e10918d044c75eac8f9e9a2596173f80c9,113.0,39fa9ec190eee7b6f4dff1100d6343e10918d044c75eac8f9e9a2596173f80c9
5,113.0,39fa9ec190eee7b6f4dff1100d6343e10918d044c75eac8f9e9a2596173f80c9,112.0,39fa9ec190eee7b6f4dff1100d6343e10918d044c75eac8f9e9a2596173f80c9
5,112.0,39fa9ec190eee7b6f4dff1100d6343e10918d044c75eac8f9e9a2596173f80c9,112.0,39fa9ec190eee7b6f4dff1100d6343e10918d044c75eac8f9e9a2596173f80c9
5,112.0,39fa9ec190eee7b6f4dff1100d6343e10918d044c75eac8f9e9a2596173f80c9,111.0,39fa9ec190eee7b6f4dff1100d6343e10918d044c75eac8f9e9a2596173f80c9
5,111.0,39fa9ec190eee7b6f4dff1100d6343e10918d044c75eac8f9e9a2596173f80c9,111.0,39fa9ec190eee7b6f4dff1100d6343e10918d044c75eac8f9e9a2596173f80c9
5,111.0,39fa9ec190eee7b6f4dff1100d6343e10918d044c75eac8f9e9a2596173f80c9,110.0,39fa9ec190eee7b6f4dff1100d6343e10918d044c75eac8f9e9a2596173f80c9
6,200.0,44cb730c420480a0477b505ae68af508fb90f96cf0ec54c6ad16949dd427f13a,136.0,71ee45a3c0db9a9865f7313dd3372cf60dca6479d46261f3542eb9346e4a04d6
6,136.0,71ee45a3c0db9a9865f7313dd3372cf60dca6479d46261f3542eb9346e4a04d6,136.0,71ee45a3c0db9a9865f7313dd3372cf60dca6479d46261f3542eb9346e4a04d6
6,136.0,71ee45a3c0db9a9865f7313dd3372cf60dca6479d46261f3542eb9346e4a04d6,130.0,6b86b273ff34fce19d6b804eff5a3f5747ada4eaa22f1d49c01e52ddb7875b4b
6,130.0,6b86b273ff34fce19d6b804eff5a3f5747ada4eaa22f1d49c01e52ddb7875b4b,130.0,6b86b273ff34fce19d6b804eff5a3f5747ada4eaa22f1d49c01e52ddb7875b4b
6,130.0,6b86b273ff34fce19d6b804eff5a3f5747ada4eaa22f1d49c01e52ddb7875b4b,129.0,6b86b273ff34fce19d6b804eff5a3f5747ada4eaa22f1d49c01e52ddb7875b4b
6,129.0,6b86b273ff34fce19d6b804eff5a3f5747ada4eaa22f1d49c01e52ddb7875b4b,129.0,6b86b273ff34fce19d6b804eff5a3f5747ada4eaa22f1d49c01e52ddb7875b4b
6,129.0,6b86b273ff34fce19d6b804eff5a3f5747ada4eaa22f1d49c01e52ddb7875b4b,128.0,6b86b273ff34fce19d6b804eff5a3f5747ada4eaa22f1d49c01e52ddb7875b4b
6,128.0,6b86b273ff34fce19d6b804eff5a3f5747ada4eaa22f1d49c01e52ddb7875b4b,128.0,6b86b273ff34fce19d6b804eff5a3f5747ada4eaa22f1d49c01e52ddb7875b4b
6,128.0,6b86b273ff34fce19d6b804eff5a3f5747ada4eaa22f1d49c01e52ddb7875b4b,127.0,6b86b273ff34fce19d6b804eff5a3f5747ada4eaa22f1d49c01e52ddb7875b4b
6,127.0,6b86b273ff34fce19d6b804eff5a3f5747ada4eaa22f1d49c01e52ddb7875b4b,127.0,6b86b273ff34fce19d6b804eff5a3f5747ada4eaa22f1d49c01e52ddb7875b4b
6,127.0,6b86b273ff34fce19d6b804eff5a3f5747ada4eaa22f1d49c01e52ddb7875b4b,126.0,6b86b273ff34fce19d6b804eff5a3f5747ada4eaa22f1d49c01e52ddb7875b4b
6,126.0,6b86b273ff34fce19d6b804eff5a3f5747ada4eaa22f1d49c01e52ddb7875b4b,126.0,6b86b273ff34fce19d6b804eff5a3f5747ada4eaa22f1d49c01e52ddb7875b4b
6,126.0,6b86b273ff34fce19d6b804eff5a3f5747ada4eaa22f1d49c01e52ddb7875b4b,125.0,6b86b273ff34fce19d6b804eff5a3f5747ada4eaa22f1d49c01e52ddb7875b4b
6,125.0,6b86b273ff34fce19d6b804eff5a3f5747ada4eaa22f1d49c01e52ddb7875b4b,125.0,6b86b273ff34fce19d6b804eff5a3f5747ada4eaa22f1d49c01e52ddb7875b4b
6,125.0,6b86b273ff34fce19d6b804eff5a3f5747ada4eaa22f1d49c01e52ddb7875b4b,124.0,6b86b273ff34fce19d6b804eff5a3f5747ada4eaa22f1d49c01e52ddb7875b4b
6,124.0,6b86b273ff34fce19d6b804eff5a3f5747ada4eaa22f1d49c01e52ddb7875b4b,124.0,6b86b273ff34fce19d6b804eff5a3f5747ada4eaa22f1d49c01e52ddb7875b4b
6,124.0,6b86b273ff34fce19d6b804eff5a3f5747ada4eaa22f1d49c01e52ddb7875b4b,123.0,6b86b273ff34fce19d6b804eff5a3f5747ada4eaa22f1d49c01e52ddb7875b4b
6,123.0,6b86b273ff34fce19d6b804eff5a3f5747ada4eaa22f1d49c01e52ddb7875b4b,123.0,6b86b273ff34fce19d6b804eff5a3f5747ada4eaa22f1d49c01e52ddb7875b4b
6,123.0,6b86b273ff34fce19d6b804eff5a3f5747ada4eaa22f1d49c01e52ddb7875b4b,122.0,6b86b273ff34fce19d6b804eff5a3f5747ada4eaa22f1d49c01e52ddb7875b4b
6,122.0,6b86b273ff34fce19d6b804eff5a3f5747ada4eaa22f1d49c01e52ddb7875b4b,122.0,6b86b273ff34fce19d6b804eff5a3f5747ada4eaa22f1d49c01e52ddb7875b4b
6,122.0,6b86b273ff34fce19d6b804eff5a3f5747ada4eaa22f1d49c01e52ddb7875b4b,121.0,6b86b273ff34fce19d6b804eff5a3f5747ada4eaa22f1d49c01e52ddb7875b4b
6,121.0,6b86b273ff34fce19d6b804eff5a3f5747ada4eaa22f1d49c01e52ddb7875b4b,121.0,6b86b273ff34fce19d6b804eff5a3f5747ada4eaa22f1d49c01e52ddb7875b4b
6,121.0,6b86b273ff34fce19d6b804eff5a3f5747ada4eaa22f1d49c01e52ddb7875b4b,120.0,6b86b273ff34fce19d6b804eff5a3f5747ada4eaa22f1d49c01e52ddb7875b4b
6,120.0,6b86b273ff34fce19d6b804eff5a3f5747ada4eaa22f1d49c01e52ddb7875b4b,120.0,6b86b273ff34fce19d6b804eff5a3f5747ada4eaa22f1d49c01e52ddb7875b4b
6,120.0,6b86b273ff34fce19d6b804eff5a3f5747ada4eaa22f1d49c01e52ddb7875b4b,119.0,6b86b273ff34fce19d6b804eff5a3f5747ada4eaa22f1d49c01e52ddb7875b4b
6,119.0,6b86b273ff34fce19d6b804eff5a3f5747ada4eaa22f1d49c01e52ddb7875b4b,119.0,6b86b273ff34fce19d6b804eff5a3f5747ada4eaa22f1d49c01e52ddb7875b4b
6,119.0,6b86b273ff34fce19d6b804eff5a3f5747ada4eaa22f1d49c01e52ddb7875b4b,118.0,7f2253d7e228b22a08bda1f09c516f6fead81df6536eb02fa991a34bb38d9be8
6,118.0,7f2253d7e228b22a08bda1f09c516f6fead81df6536eb02fa991a34bb38d9be8,118.0,7f2253d7e228b22a08bda1f09c516f6fead81df6536eb02fa991a34bb38d9be8
6,118.0,7f2253d7e228b22a08bda1f09c516f6fead81df6536eb02fa991a34bb38d9be8,117.0,7f2253d7e228b22a08bda1f09c516f6fead81df6536eb02fa991a34bb38d9be8
6,117.0,7f2253d7e228b22a08bda1f09c516f6fead81df6536eb02fa991a34bb38d9be8,117.0,7f2253d7e228b22a08bda1f09c516f6fead81df6536eb02fa991a34bb38d9be8
6,117.0,7f2253d7e228b22a08bda1f09c516f6fead81df6536eb02fa991a34bb38d9be8,116.0,7f2253d7e228b22a08bda1f09c516f6fead81df6536eb02fa991a34bb38d9be8
6,116.0,7f2253d7e228b22a08bda1f09c516f6fead81df6536eb02fa991a34bb38d9be8,116.0,7f2253d7e228b22a08bda1f09c516f6fead81df6536eb02fa991a34bb38d9be8
6,116.0,7f2253d7e228b22a08bda1f09c516f6fead81df6536eb02fa991a34bb38d9be8,115.0,7f2253d7e228b22a08bda1f09c516f6fead81df6536eb02fa991a34bb38d9be8
6,115.0,7f2253d7e228b22a08bda1f09c516f6fead81df6536eb02fa991a34bb38d9be8,115.0,7f2253d7e228b22a08bda1f09c516f6fead81df6536eb02fa991a34bb38d9be8
6,115.0,7f2253d7e228b22a08bda1f09c516f6fead81df6536eb02fa991a34bb38d9be8,114.0,7f2253d7e228b22a08bda1f09c516f6fead81df6536eb02fa991a34bb38d9be8
6,114.0,7f2253d7e228b22a08bda1f09c516f6fead81df6536eb02fa991a34bb38d9be8,114.0,7f2253d7e228b22a08bda1f09c516f6fead81df6536eb02fa991a34bb38d9be8
6,114.0,7f2253d7e228b22a08bda1f09c516f6fead81df6536eb02fa991a34bb38d9be8,113.0,7f2253d7e228b22a08bda1f09c516f6fead81df6536eb02fa991a34bb38d9be8
6,113.0,7f2253d7e228b22a08bda1f09c516f6fead81df6536eb02fa991a34bb38d9be8,113.0,7f2253d7e228b22a08bda1f09c516f6fead81df6536eb02fa991a34bb38d9be8
6,113.0,7f2253d7e228b22a08bda1f09c516f6fead81df6536eb02fa991a34bb38d9be8,112.0,7f2253d7e228b22a08bda1f09c516f6fead81df6536eb02fa991a34bb38d9be8
6,112.0,7f2253d7e228b22a08bda1f09c516f6fead81df6536eb02fa991a34bb38d9be8,112.0,7f2253d7e228b22a08bda1f09c516f6fead81df6536eb02fa991a34bb38d9be8
6,112.0,7f2253d7e228b22a08bda1f09c516f6fead81df6536eb02fa991a34bb38d9be8,111.0,7f2253d7e228b22a08bda1f09c516f6fead81df6536eb02fa991a34bb38d9be8
7,198.0,4b227777d4dd1fc61c6f884f48641d02b4d121d3fd328cb08b5531fcacdabf8a,197.0,ff5a1ae012afa5d4c889c50ad427aaf545d31a4fac04ffc1c4d03d403ba4250a
7,197.0,ff5a1ae012afa5d4c889c50ad427aaf545d31a4fac04ffc1c4d03d403ba4250a,197.0,ff5a1ae012afa5d4c889c50ad427aaf545d31a4fac04ffc1c4d03d403ba4250a
7,197.0,ff5a1ae012afa5d4c889c50ad427aaf545d31a4fac04ffc1c4d03d403ba4250a,133.0,d59eced1ded07f84c145592f65bdf854358e009c5cd705f5215bf18697fed103
7,133.0,d59eced1ded07f84c145592f65bdf854358e009c5cd705f5215bf18697fed103,133.0,d59eced1ded07f84c145592f65bdf854358e009c5cd705f5215bf18697fed103
7,133.0,d59eced1ded07f84c145592f65bdf854358e009c5cd705f5215bf18697fed103,130.0,59e19706d51d39f66711c2653cd7eb1291c94d9b55eb14bda74ce4dc636d015a
7,130.0,59e19706d51d39f66711c2653cd7eb1291c94d9b55eb14bda74ce4dc636d015a,130.0,59e19706d51d39f66711c2653cd7eb1291c94d9b55eb14bda74ce4dc636d015a
7,130.0,59e19706d51d39f66711c2653cd7eb1291c94d9b55eb14bda74ce4dc636d015a,129.0,59e19706d51d39f66711c2653cd7eb1291c94d9b55eb14bda74ce4dc636d015a
7,129.0,59e19706d51d39f66711c2653cd7eb1291c94d9b55eb14bda74ce4dc636d015a,129.0,59e19706d51d39f66711c2653cd7eb1291c94d9b55eb14bda74ce4dc636d015a
7,129.0,59e19706d51d39f66711c2653cd7eb1291c94d9b55eb14bda74ce4dc636d015a,128.0,59e19706d51d39f66711c2653cd7eb1291c94d9b55eb14bda74ce4dc636d015a
7,128.0,59e19706d51d39f66711c2653cd7eb1291c94d9b55eb14bda74ce4dc636d015a,128.0,59e19706d51d39f66711c2653cd7eb1291c94d9b55eb14bda74ce4dc636d015a
7,128.0,59e19706d51d39f66711c2653cd7eb1291c94d9b55eb14bda74ce4dc636d015a,127.0,59e19706d51d39f66711c2653cd7eb1291c94d9b55eb14bda74ce4dc636d015a
7,127.0,59e19706d51d39f66711c2653cd7eb1291c94d9b55eb14bda74ce4dc636d015a,127.0,59e19706d51d39f66711c2653cd7eb1291c94d9b55eb14bda74ce4dc636d015a
7,127.0,59e19706d51d39f66711c2653cd7eb1291c94d9b55eb14bda74ce4dc636d015a,126.0,3ada92f28b4ceda38562ebf047c6ff05400d4c572352a1142eedfef67d21e662
7,126.0,3ada92f28b4ceda38562ebf047c6ff05400d4c572352a1142eedfef67d21e662,126.0,3ada92f28b4ceda38562ebf047c6ff05400d4c572352a1142eedfef67d21e662
7,126.0,3ada92f28b4ceda38562ebf047c6ff05400d4c572352a1142eedfef67d21e662,125.0,3ada92f28b4ceda38562ebf047c6ff05400d4c572352a1142eedfef67d21e662
7,125.0,3ada92f28b4ceda38562ebf047c6ff05400d4c572352a1142eedfef67d21e662,125.0,3ada92f28b4ceda38562ebf047c6ff05400d4c572352a1142eedfef67d21e662
7,125.0,3ada92f28b4ceda38562ebf047c6ff05400d4c572352a1142eedfef67d21e662,124.0,3ada92f28b4ceda38562ebf047c6ff05400d4c572352a1142eedfef67d21e662
7,124.0,3ada92f28b4ceda38562ebf047c6ff05400d4c572352a1142eedfef67d21e662,124.0,3ada92f28b4ceda38562ebf047c6ff05400d4c572352a1142eedfef67d21e662
7,124.0,3ada92f28b4ceda38562ebf047c6ff05400d4c572352a1142eedfef67d21e662,123.0,3ada92f28b4ceda38562ebf047c6ff05400d4c572352a1142eedfef67d21e662
7,123.0,3ada92f28b4ceda38562ebf047c6ff05400d4c572352a1142eedfef67d21e662,123.0,3ada92f28b4ceda38562ebf047c6ff05400d4c572352a1142eedfef67d21e662
7,123.0,3ada92f28b4ceda38562ebf047c6ff05400d4c572352a1142eedfef67d21e662,122.0,3ada92f28b4ceda38562ebf047c6ff05400d4c572352a1142eedfef67d21e662
7,122.0,3ada92f28b4ceda38562ebf047c6ff05400d4c572352a1142eedfef67d21e662,122.0,3ada92f28b4ceda38562ebf047c6ff05400d4c572352a1142eedfef67d21e662
7,122.0,3ada92f28b4ceda38562ebf047c6ff05400d4c572352a1142eedfef67d21e662,121.0,3ada92f28b4ceda38562ebf047c6ff05400d4c572352a1142eedfef67d21e662
7,121.0,3ada92f28b4ceda38562ebf047c6ff05400d4c572352a1142eedfef67d21e662,121.0,3ada92f28b4ceda38562ebf047c6ff05400d4c572352a1142eedfef67d21e662
7,121.0,3ada92f28b4ceda38562ebf047c6ff05400d4c572352a1142eedfef67d21e662,120.0,3ada92f28b4ceda38562ebf047c6ff05400d4c572352a1142eedfef67d21e662
7,120.0,3ada92f28b4ceda38562ebf047c6ff05400d4c572352a1142eedfef67d21e662,120.0,3ada92f28b4ceda38562ebf047c6ff05400d4c572352a1142eedfef67d21e662
7,120.0,3ada92f28b4ceda38562ebf047c6ff05400d4c572352a1142eedfef67d21e662,119.0,3ada92f28b4ceda38562ebf047c6ff05400d4c572352a1142eedfef67d21e662
7,119.0,3ada92f28b4ceda38562ebf047c6ff05400d4c572352a1142eedfef67d21e662,119.0,3ada92f28b4ceda38562ebf047c6ff05400d4c572352a1142eedfef67d21e662
7,119.0,3ada92f28b4ceda38562ebf047c6ff05400d4c572352a1142eedfef67d21e662,118.0,3ada92f28b4ceda38562ebf047c6ff05400d4c572352a1142eedfef67d21e662
7,118.0,3ada92f28b4ceda38562ebf047c6ff05400d4c572352a1142eedfef67d21e662,118.0,3ada92f28b4ceda38562ebf047c6ff05400d4c572352a1142eedfef67d21e662
7,118.0,3ada92f28b4ceda38562ebf047c6ff05400d4c572352a1142eedfef67d21e662,117.0,3ada92f28b4ceda38562ebf047c6ff05400d4c572352a1142eedfef67d21e662
7,117.0,3ada92f28b4ceda38562ebf047c6ff05400d4c572352a1142eedfef67d21e662,117.0,3ada92f28b4ceda38562ebf047c6ff05400d4c572352a1142eedfef67d21e662
7,117.0,3ada92f28b4ceda38562ebf047c6ff05400d4c572352a1142eedfef67d21e662,116.0,3ada92f28b4ceda38562ebf047c6ff05400d4c572352a1142eedfef67d21e662
7,116.0,3ada92f28b4ceda38562ebf047c6ff05400d4c572352a1142eedfef67d21e662,116.0,3ada92f28b4ceda38562ebf047c6ff05400d4c572352a1142eedfef67d21e662
7,116.0,3ada92f28b4ceda38562ebf047c6ff05400d4c572352a1142eedfef67d21e662,115.0,3ada92f28b4ceda38562ebf047c6ff05400d4c572352a1142eedfef67d21e662
7,115.0,3ada92f28b4ceda38562ebf047c6ff05400d4c572352a1142eedfef67d21e662,115.0,3ada92f28b4ceda38562ebf047c6ff05400d4c572352a1142eedfef67d21e662
7,115.0,3ada92f28b4ceda38562ebf047c6ff05400d4c572352a1142eedfef67d21e662,114.0,7688b6ef52555962d008fff894223582c484517cea7da49ee67800adc7fc8866
7,114.0,7688b6ef52555962d008fff894223582c484517cea7da49ee67800adc7fc8866,114.0,7688b6ef52555962d008fff894223582c484517cea7da49ee67800adc7fc8866
7,114.0,7688b6ef52555962d008fff894223582c484517cea7da49ee67800adc7fc8866,113.0,7688b6ef52555962d008fff894223582c484517cea7da49ee67800adc7fc8866
7,113.0,7688b6ef52555962d008fff894223582c484517cea7da49ee67800adc7fc8866,113.0,7688b6ef52555962d008fff894223582c484517cea7da49ee67800adc7fc8866
7,113.0,7688b6ef52555962d008fff894223582c484517cea7da49ee67800adc7fc8866,112.0,7688b6ef52555962d008fff894223582c484517cea7da49ee67800adc7fc8866
8,183.0,1a6562590ef19d1045d06c4055742d38288e9e6dcd71ccde5cee80f1d5a774eb,132.0,e7f6c011776e8db7cd330b54174fd76f7d0216b612387a5ffcfb81e6f0919683
8,132.0,e7f6c011776e8db7cd330b54174fd76f7d0216b612387a5ffcfb81e6f0919683,132.0,e7f6c011776e8db7cd330b54174fd76f7d0216b612387a5ffcfb81e6f0919683
8,132.0,e7f6c011776e8db7cd330b54174fd76f7d0216b612387a5ffcfb81e6f0919683,129.0,4e07408562bedb8b60ce05c1decfe3ad16b72230967de01f640b7e4729b49fce
8,129.0,4e07408562bedb8b60ce05c1decfe3ad16b72230967de01f640b7e4729b49fce,129.0,4e07408562bedb8b60ce05c1decfe3ad16b72230967de01f640b7e4729b49fce
8,129.0,4e07408562bedb8b60ce05c1decfe3ad16b72230967de01f640b7e4729b49fce,128.0,4e07408562bedb8b60ce05c1decfe3ad16b72230967de01f640b7e4729b49fce
8,128.0,4e07408562bedb8b60ce05c1decfe3ad16b72230967de01f640b7e4729b49fce,128.0,4e07408562bedb8b60ce05c1decfe3ad16b72230967de01f640b7e4729b49fce
8,128.0,4e07408562bedb8b60ce05c1decfe3ad16b72230967de01f640b7e4729b49fce,127.0,4e07408562bedb8b60ce05c1decfe3ad16b72230967de01f640b7e4729b49fce
8,127.0,4e07408562bedb8b60ce05c1decfe3ad16b72230967de01f640b7e4729b49fce,127.0,4e07408562bedb8b60ce05c1decfe3ad16b72230967de01f640b7e4729b49fce
8,127.0,4e07408562bedb8b60ce05c1decfe3ad16b72230967de01f640b7e4729b49fce,126.0,4e07408562bedb8b60ce05c1decfe3ad16b72230967de01f640b7e4729b49fce
8,126.0,4e07408562bedb8b60ce05c1decfe3ad16b72230967de01f640b7e4729b49fce,126.0,4e07408562bedb8b60ce05c1decfe3ad16b72230967de01f640b7e4729b49fce
8,126.0,4e07408562bedb8b60ce05c1decfe3ad16b72230967de01f640b7e4729b49fce,125.0,4e07408562bedb8b60ce05c1decfe3ad16b72230967de01f640b7e4729b49fce
8,125.0,4e07408562bedb8b60ce05c1decfe3ad16b72230967de01f640b7e4729b49fce,125.0,4e07408562bedb8b60ce05c1decfe3ad16b72230967de01f640b7e4729b49fce
8,125.0,4e07408562bedb8b60ce05c1decfe3ad16b72230967de01f640b7e4729b49fce,124.0,4e07408562bedb8b60ce05c1decfe3ad16b72230967de01f640b7e4729b49fce
8,124.0,4e07408562bedb8b60ce05c1decfe3ad16b72230967de01f640b7e4729b49fce,124.0,4e07408562bedb8b60ce05c1decfe3ad16b72230967de01f640b7e4729b49fce
8,124.0,4e07408562bedb8b60ce05c1decfe3ad16b72230967de01f640b7e4729b49fce,123.0,4e07408562bedb8b60ce05c1decfe3ad16b72230967de01f640b7e4729b49fce
8,123.0,4e07408562bedb8b60ce05c1decfe3ad16b72230967de01f640b7e4729b49fce,123.0,4e07408562bedb8b60ce05c1decfe3ad16b72230967de01f640b7e4729b49fce
8,123.0,4e07408562bedb8b60ce05c1decfe3ad16b72230967de01f640b7e4729b49fce,122.0,4e07408562bedb8b60ce05c1decfe3ad16b72230967de01f640b7e4729b49fce
8,122.0,4e07408562bedb8b60ce05c1decfe3ad16b72230967de01f640b7e4729b49fce,122.0,4e07408562bedb8b60ce05c1decfe3ad16b72230967de01f640b7e4729b49fce
8,122.0,4e07408562bedb8b60ce05c1decfe3ad16b72230967de01f640b7e4729b49fce,121.0,4e07408562bedb8b60ce05c1decfe3ad16b72230967de01f640b7e4729b49fce
8,121.0,4e07408562bedb8b60ce05c1decfe3ad16b72230967de01f640b7e4729b49fce,121.0,4e07408562bedb8b60ce05c1decfe3ad16b72230967de01f640b7e4729b49fce
8,121.0,4e07408562bedb8b60ce05c1decfe3ad16b72230967de01f640b7e4729b49fce,120.0,98010bd9270f9b100b6214a21754fd33bdc8d41b2bc9f9dd16ff54d3c34ffd71
8,120.0,98010bd9270f9b100b6214a21754fd33bdc8d41b2bc9f9dd16ff54d3c34ffd71,120.0,98010bd9270f9b100b6214a21754fd33bdc8d41b2bc9f9dd16ff54d3c34ffd71
8,120.0,98010bd9270f9b100b6214a21754fd33bdc8d41b2bc9f9dd16ff54d3c34ffd71,119.0,98010bd9270f9b100b6214a21754fd33bdc8d41b2bc9f9dd16ff54d3c34ffd71
8,119.0,98010bd9270f9b100b6214a21754fd33bdc8d41b2bc9f9dd16ff54d3c34ffd71,119.0,98010bd9270f9b100b6214a21754fd33bdc8d41b2bc9f9dd16ff54d3c34ffd71
8,119.0,98010bd9270f9b100b6214a21754fd33bdc8d41b2bc9f9dd16ff54d3c34ffd71,118.0,98010bd9270f9b100b6214a21754fd33bdc8d41b2bc9f9dd16ff54d3c34ffd71
8,118.0,98010bd9270f9b100b6214a21754fd33bdc8d41b2bc9f9dd16ff54d3c34ffd71,118.0,98010bd9270f9b100b6214a21754fd33bdc8d41b2bc9f9dd16ff54d3c34ffd71
8,118.0,98010bd9270f9b100b6214a21754fd33bdc8d41b2bc9f9dd16ff54d3c34ffd71,117.0,98010bd9270f9b100b6214a21754fd33bdc8d41b2bc9f9dd16ff54d3c34ffd71
8,117.0,98010bd9270f9b100b6214a21754fd33bdc8d41b2bc9f9dd16ff54d3c34ffd71,117.0,98010bd9270f9b100b6214a21754fd33bdc8d41b2bc9f9dd16ff54d3c34ffd71
8,117.0,98010bd9270f9b100b6214a21754fd33bdc8d41b2bc9f9dd16ff54d3c34ffd71,116.0,98010bd9270f9b100b6214a21754fd33bdc8d41b2bc9f9dd16ff54d3c34ffd71
8,116.0,98010bd9270f9b100b6214a21754fd33bdc8d41b2bc9f9dd16ff54d3c34ffd71,116.0,98010bd9270f9b100b6214a21754fd33bdc8d41b2bc9f9dd16ff54d3c34ffd71
8,116.0,98010bd9270f9b100b6214a21754fd33bdc8d41b2bc9f9dd16ff54d3c34ffd71,115.0,98010bd9270f9b100b6214a21754fd33bdc8d41b2bc9f9dd16ff54d3c34ffd71
8,115.0,98010bd9270f9b100b6214a21754fd33bdc8d41b2bc9f9dd16ff54d3c34ffd71,115.0,98010bd9270f9b100b6214a21754fd33bdc8d41b2bc9f9dd16ff54d3c34ffd71
8,115.0,98010bd9270f9b100b6214a21754fd33bdc8d41b2bc9f9dd16ff54d3c34ffd71,114.0,98010bd9270f9b100b6214a21754fd33bdc8d41b2bc9f9dd16ff54d3c34ffd71
8,114.0,98010bd9270f9b100b6214a21754fd33bdc8d41b2bc9f9dd16ff54d3c34ffd71,114.0,98010bd9270f9b100b6214a21754fd33bdc8d41b2bc9f9dd16ff54d3c34ffd71
8,114.0,98010bd9270f9b100b6214a21754fd33bdc8d41b2bc9f9dd16ff54d3c34ffd71,113.0,98010bd9270f9b100b6214a21754fd33bdc8d41b2bc9f9dd16ff54d3c34ffd71
8,113.0,98010bd9270f9b100b6214a21754fd33bdc8d41b2bc9f9dd16ff54d3c34ffd71,113.0,98010bd9270f9b100b6214a21754fd33bdc8d41b2bc9f9dd16ff54d3c34ffd71
8,113.0,98010bd9270f9b100b6214a21754fd33bdc8d41b2bc9f9dd16ff54d3c34ffd71,112.0,98010bd9270f9b100b6214a21754fd33bdc8d41b2bc9f9dd16ff54d3c34ffd71
8,112.0,98010bd9270f9b100b6214a21754fd33bdc8d41b2bc9f9dd16ff54d3c34ffd71,112.0,98010bd9270f9b100b6214a21754fd33bdc8d41b2bc9f9dd16ff54d3c34ffd71
8,112.0,98010bd9270f9b100b6214a21754fd33bdc8d41b2bc9f9dd16ff54d3c34ffd71,111.0,98010bd9270f9b100b6214a21754fd33bdc8d41b2bc9f9dd16ff54d3c34ffd71
9,198.0,4523540f1504cd17100c4835e85b7eefd49911580f8efff0599a8f283be6b9e3,132.0,3fdba35f04dc8c462986c992bcf875546257113072a909c162f7e470e581e278
9,132.0,3fdba35f04dc8c462986c992bcf875546257113072a909c162f7e470e581e278,132.0,3fdba35f04dc8c462986c992bcf875546257113072a909c162f7e470e581e278
9,132.0,3fdba35f04dc8c462986c992bcf875546257113072a909c162f7e470e581e278,130.0,d4735e3a265e16eee03f59718b9b5d03019c07d8b6c51f90da3a666eec13ab35
9,130.0,d4735e3a265e16eee03f59718b9b5d03019c07d8b6c51f90da3a666eec13ab35,130.0,d4735e3a265e16eee03f59718b9b5d03019c07d8b6c51f90da3a666eec13ab35
9,130.0,d4735e3a265e16eee03f59718b9b5d03019c07d8b6c51f90da3a666eec13ab35,129.0,d4735e3a265e16eee03f59718b9b5d03019c07d8b6c51f90da3a666eec13ab35
9,129.0,d4735e3a265e16eee03f59718b9b5d03019c07d8b6c51f90da3a666eec13ab35,129.0,d4735e3a265e16eee03f59718b9b5d03019c07d8b6c51f90da3a666eec13ab35
9,129.0,d4735e3a265e16eee03f59718b9b5d03019c07d8b6c51f90da3a666eec13ab35,128.0,d4735e3a265e16eee03f59718b9b5d03019c07d8b6c51f90da3a666eec13ab35
9,128.0,d4735e3a265e16eee03f59718b9b5d03019c07d8b6c51f90da3a666eec13ab35,128.0,d4735e3a265e16eee03f59718b9b5d03019c07d8b6c51f90da3a666eec13ab35
9,128.0,d4735e3a265e16eee03f59718b9b5d03019c07d8b6c51f90da3a666eec13ab35,127.0,d4735e3a265e16eee03f59718b9b5d03019c07d8b6c51f90da3a666eec13ab35
9,127.0,d4735e3a265e16eee03f59718b9b5d03019c07d8b6c51f90da3a666eec13ab35,127.0,d4735e3a265e16eee03f59718b9b5d03019c07d8b6c51f90da3a666eec13ab35
9,127.0,d4735e3a265e16eee03f59718b9b5d03019c07d8b6c51f90da3a666eec13ab35,126.0,d4735e3a265e16eee03f59718b9b5d03019c07d8b6c51f90da3a666eec13ab35
9,126.0,d4735e3a265e16eee03f59718b9b5d03019c07d8b6c51f90da3a666eec13ab35,126.0,d4735e3a265e16eee03f59718b9b5d03019c07d8b6c51f90da3a666eec13ab35
9,126.0,d4735e3a265e16eee03f59718b9b5d03019c07d8b6c51f90da3a666eec13ab35,125.0,d4735e3a265e16eee03f59718b9b5d03019c07d8b6c51f90da3a666eec13ab35
9,125.0,d4735e3a265e16eee03f59718b9b5d03019c07d8b6c51f90da3a666eec13ab35,125.0,d4735e3a265e16eee03f59718b9b5d03019c07d8b6c51f90da3a666eec13ab35
9,125.0,d4735e3a265e16eee03f59718b9b5d03019c07d8b6c51f90da3a666eec13ab35,124.0,d4735e3a265e16eee03f59718b9b5d03019c07d8b6c51f90da3a666eec13ab35
9,124.0,d4735e3a265e16eee03f59718b9b5d03019c07d8b6c51f90da3a666eec13ab35,124.0,d4735e3a265e16eee03f59718b9b5d03019c07d8b6c51f90da3a666eec13ab35
9,124.0,d4735e3a265e16eee03f59718b9b5d03019c07d8b6c51f90da3a666eec13ab35,123.0,d4735e3a265e16eee03f59718b9b5d03019c07d8b6c51f90da3a666eec13ab35
9,123.0,d4735e3a265e16eee03f59718b9b5d03019c07d8b6c51f90da3a666eec13ab35,123.0,d4735e3a265e16eee03f59718b9b5d03019c07d8b6c51f90da3a666eec13ab35
9,123.0,d4735e3a265e16eee03f59718b9b5d03019c07d8b6c51f90da3a666eec13ab35,122.0,d4735e3a265e16eee03f59718b9b5d03019c07d8b6c51f90da3a666eec13ab35
9,122.0,d4735e3a265e16eee03f59718b9b5d03019c07d8b6c51f90da3a666eec13ab35,122.0,d4735e3a265e16eee03f59718b9b5d03019c07d8b6c51f90da3a666eec13ab35
9,122.0,d4735e3a265e16eee03f59718b9b5d03019c07d8b6c51f90da3a666eec13ab35,121.0,d4735e3a265e16eee03f59718b9b5d03019c07d8b6c51f90da3a666eec13ab35
9,121.0,d4735e3a265e16eee03f59718b9b5d03019c07d8b6c51f90da3a666eec13ab35,121.0,d4735e3a265e16eee03f59718b9b5d03019c07d8b6c51f90da3a666eec13ab35
9,121.0,d4735e3a265e16eee03f59718b9b5d03019c07d8b6c51f90da3a666eec13ab35,120.0,8722616204217eddb39e7df969e0698aed8e599ba62ed2de1ce49b03ade0fede
9,120.0,8722616204217eddb39e7df969e0698aed8e599ba62ed2de1ce49b03ade0fede,120.0,8722616204217eddb39e7df969e0698aed8e599ba62ed2de1ce49b03ade0fede
9,120.0,8722616204217eddb39e7df969e0698aed8e599ba62ed2de1ce49b03ade0fede,119.0,8722616204217eddb39e7df969e0698aed8e599ba62ed2de1ce49b03ade0fede
9,119.0,8722616204217eddb39e7df969e0698aed8e599ba62ed2de1ce49b03ade0fede,119.0,8722616204217eddb39e7df969e0698aed8e599ba62ed2de1ce49b03ade0fede
9,119.0,8722616204217eddb39e7df969e0698aed8e599ba62ed2de1ce49b03ade0fede,118.0,8722616204217eddb39e7df969e0698aed8e599ba62ed2de1ce49b03ade0fede
9,118.0,8722616204217eddb39e7df969e0698aed8e599ba62ed2de1ce49b03ade0fede,118.0,8722616204217eddb39e7df969e0698aed8e599ba62ed2de1ce49b03ade0fede
9,118.0,8722616204217eddb39e7df969e0698aed8e599ba62ed2de1ce49b03ade0fede,117.0,8722616204217eddb39e7df969e0698aed8e599ba62ed2de1ce49b03ade0fede
9,117.0,8722616204217eddb39e7df969e0698aed8e599ba62ed2de1ce49b03ade0fede,117.0,8722616204217eddb39e7df969e0698aed8e599ba62ed2de1ce49b03ade0fede
9,117.0,8722616204217eddb39e7df969e0698aed8e599ba62ed2de1ce49b03ade0fede,116.0,8722616204217eddb39e7df969e0698aed8e599ba62ed2de1ce49b03ade0fede
9,116.0,8722616204217eddb39e7df969e0698aed8e599ba62ed2de1ce49b03ade0fede,116.0,8722616204217eddb39e7df969e0698aed8e599ba62ed2de1ce49b03ade0fede
9,116.0,8722616204217eddb39e7df969e0698aed8e599ba62ed2de1ce49b03ade0fede,115.0,8722616204217eddb39e7df969e0698aed8e599ba62ed2de1ce49b03ade0fede
9,115.0,8722616204217eddb39e7df969e0698aed8e599ba62ed2de1ce49b03ade0fede,115.0,8722616204217eddb39e7df969e0698aed8e599ba62ed2de1ce49b03ade0fede
9,115.0,8722616204217eddb39e7df969e0698aed8e599ba62ed2de1ce49b03ade0fede,114.0,8722616204217eddb39e7df969e0698aed8e599ba62ed2de1ce49b03ade0fede
9,114.0,8722616204217eddb39e7df969e0698aed8e599ba62ed2de1ce49b03ade0fede,114.0,8722616204217eddb39e7df969e0698aed8e599ba62ed2de1ce49b03ade0fede
9,114.0,8722616204217eddb39e7df969e0698aed8e599ba62ed2de1ce49b03ade0fede,113.0,8722616204217eddb39e7df969e0698aed8e599ba62ed2de1ce49b03ade0fede
9,113.0,8722616204217eddb39e7df969e0698aed8e599ba62ed2de1ce49b03ade0fede,113.0,8722616204217eddb39e7df969e0698aed8e599ba62ed2de1ce49b03ade0fede
9,113.0,8722616204217eddb39e7df969e0698aed8e599ba62ed2de1ce49b03ade0fede,112.0,8722616204217eddb39e7df969e0698aed8e599ba62ed2de1ce49b03ade0fede
10,133.0,0b918943df0962bc7a1824c0555a389347b4febdc7cf9d1254406d80ce44e3f9,131.0,86e50149658661312a9e0b35558d84f6c6d3da797f552a9657fe0558ca40cdef
10,131.0,86e50149658661312a9e0b35558d84f6c6d3da797f552a9657fe0558ca40cdef,131.0,86e50149658661312a9e0b35558d84f6c6d3da797f552a9657fe0558ca40cdef
10,131.0,86e50149658661312a9e0b35558d84f6c6d3da797f552a9657fe0558ca40cdef,128.0,535fa30d7e25dd8a49f1536779734ec8286108d115da5045d77f3b4185d8f790
10,128.0,535fa30d7e25dd8a49f1536779734ec8286108d115da5045d77f3b4185d8f790,128.0,535fa30d7e25dd8a49f1536779734ec8286108d115da5045d77f3b4185d8f790
10,128.0,535fa30d7e25dd8a49f1536779734ec8286108d115da5045d77f3b4185d8f790,127.0,535fa30d7e25dd8a49f1536779734ec8286108d115da5045d77f3b4185d8f790
10,127.0,535fa30d7e25dd8a49f1536779734ec8286108d115da5045d77f3b4185d8f790,127.0,535fa30d7e25dd8a49f1536779734ec8286108d115da5045d77f3b4185d8f790
10,127.0,535fa30d7e25dd8a49f1536779734ec8286108d115da5045d77f3b4185d8f790,126.0,535fa30d7e25dd8a49f1536779734ec8286108d115da5045d77f3b4185d8f790
10,126.0,535fa30d7e25dd8a49f1536779734ec8286108d115da5045d77f3b4185d8f790,126.0,535fa30d7e25dd8a49f1536779734ec8286108d115da5045d77f3b4185d8f790
10,126.0,535fa30d7e25dd8a49f1536779734ec8286108d115da5045d77f3b4185d8f790,125.0,535fa30d7e25dd8a49f1536779734ec8286108d115da5045d77f3b4185d8f790
10,125.0,535fa30d7e25dd8a49f1536779734ec8286108d115da5045d77f3b4185d8f790,125.0,535fa30d7e25dd8a49f1536779734ec8286108d115da5045d77f3b4185d8f790
10,125.0,535fa30d7e25dd8a49f1536779734ec8286108d115da5045d77f3b4185d8f790,124.0,535fa30d7e25dd8a49f1536779734ec8286108d115da5045d77f3b4185d8f790
10,124.0,535fa30d7e25dd8a49f1536779734ec8286108d115da5045d77f3b4185d8f790,124.0,535fa30d7e25dd8a49f1536779734ec8286108d115da5045d77f3b4185d8f790
10,124.0,535fa30d7e25dd8a49f1536779734ec8286108d115da5045d77f3b4185d8f790,123.0,535fa30d7e25dd8a49f1536779734ec8286108d115da5045d77f3b4185d8f790
10,123.0,535fa30d7e25dd8a49f1536779734ec8286108d115da5045d77f3b4185d8f790,123.0,535fa30d7e25dd8a49f1536779734ec8286108d115da5045d77f3b4185d8f790
10,123.0,535fa30d7e25dd8a49f1536779734ec8286108d115da5045d77f3b4185d8f790,122.0,535fa30d7e25dd8a49f1536779734ec8286108d115da5045d77f3b4185d8f790
10,122.0,535fa30d7e25dd8a49f1536779734ec8286108d115da5045d77f3b4185d8f790,122.0,535fa30d7e25dd8a49f1536779734ec8286108d115da5045d77f3b4185d8f790
10,122.0,535fa30d7e25dd8a49f1536779734ec8286108d115da5045d77f3b4185d8f790,121.0,535fa30d7e25dd8a49f1536779734ec8286108d115da5045d77f3b4185d8f790
10,121.0,535fa30d7e25dd8a49f1536779734ec8286108d115da5045d77f3b4185d8f790,121.0,535fa30d7e25dd8a49f1536779734ec8286108d115da5045d77f3b4185d8f790
10,121.0,535fa30d7e25dd8a49f1536779734ec8286108d115da5045d77f3b4185d8f790,120.0,535fa30d7e25dd8a49f1536779734ec8286108d115da5045d77f3b4185d8f790
10,120.0,535fa30d7e25dd8a49f1536779734ec8286108d115da5045d77f3b4185d8f790,120.0,535fa30d7e25dd8a49f1536779734ec8286108d115da5045d77f3b4185d8f790
10,120.0,535fa30d7e25dd8a49f1536779734ec8286108d115da5045d77f3b4185d8f790,119.0,535fa30d7e25dd8a49f1536779734ec8286108d115da5045d77f3b4185d8f790
10,119.0,535fa30d7e25dd8a49f1536779734ec8286108d115da5045d77f3b4185d8f790,119.0,535fa30d7e25dd8a49f1536779734ec8286108d115da5045d77f3b4185d8f790
10,119.0,535fa30d7e25dd8a49f1536779734ec8286108d115da5045d77f3b4185d8f790,118.0,535fa30d7e25dd8a49f1536779734ec8286108d115da5045d77f3b4185d8f790
10,118.0,535fa30d7e25dd8a49f1536779734ec8286108d115da5045d77f3b4185d8f790,118.0,535fa30d7e25dd8a49f1536779734ec8286108d115da5045d77f3b4185d8f790
10,118.0,535fa30d7e25dd8a49f1536779734ec8286108d115da5045d77f3b4185d8f790,117.0,6f4b6612125fb3a0daecd2799dfd6c9c299424fd920f9b308110a2c1fbd8f443
10,117.0,6f4b6612125fb3a0daecd2799dfd6c9c299424fd920f9b308110a2c1fbd8f443,117.0,6f4b6612125fb3a0daecd2799dfd6c9c299424fd920f9b308110a2c1fbd8f443
10,117.0,6f4b6612125fb3a0daecd2799dfd6c9c299424fd920f9b308110a2c1fbd8f443,116.0,6f4b6612125fb3a0daecd2799dfd6c9c299424fd920f9b308110a2c1fbd8f443
10,116.0,6f4b6612125fb3a0daecd2799dfd6c9c299424fd920f9b308110a2c1fbd8f443,116.0,6f4b6612125fb3a0daecd2799dfd6c9c299424fd920f9b308110a2c1fbd8f443
10,116.0,6f4b6612125fb3a0daecd2799dfd6c9c299424fd920f9b308110a2c1fbd8f443,115.0,6f4b6612125fb3a0daecd2799dfd6c9c299424fd920f9b308110a2c1fbd8f443
10,115.0,6f4b6612125fb3a0daecd2799dfd6c9c299424fd920f9b308110a2c1fbd8f443,115.0,6f4b6612125fb3a0daecd2799dfd6c9c299424fd920f9b308110a2c1fbd8f443
10,115.0,6f4b6612125fb3a0daecd2799dfd6c9c299424fd920f9b308110a2c1fbd8f443,114.0,6f4b6612125fb3a0daecd2799dfd6c9c299424fd920f9b308110a2c1fbd8f443
10,114.0,6f4b6612125fb3a0daecd2799dfd6c9c299424fd920f9b308110a2c1fbd8f443,114.0,6f4b6612125fb3a0daecd2799dfd6c9c299424fd920f9b308110a2c1fbd8f443
10,114.0,6f4b6612125fb3a0daecd2799dfd6c9c299424fd920f9b308110a2c1fbd8f443,113.0,6f4b6612125fb3a0daecd2799dfd6c9c299424fd920f9b308110a2c1fbd8f443
10,113.0,6f4b6612125fb3a0daecd2799dfd6c9c299424fd920f9b308110a2c1fbd8f443,113.0,6f4b6612125fb3a0daecd2799dfd6c9c299424fd920f9b308110a2c1fbd8f443
10,113.0,6f4b6612125fb3a0daecd2799dfd6c9c299424fd920f9b308110a2c1fbd8f443,112.0,6f4b6612125fb3a0daecd2799dfd6c9c299424fd920f9b308110a2c1fbd8f443
10,112.0,6f4b6612125fb3a0daecd2799dfd6c9c299424fd920f9b308110a2c1fbd8f443,112.0,6f4b6612125fb3a0daecd2799dfd6c9c299424fd920f9b308110a2c1fbd8f443
10,112.0,6f4b6612125fb3a0daecd2799dfd6c9c299424fd920f9b308110a2c1fbd8f443,111.0,6f4b6612125fb3a0daecd2799dfd6c9c299424fd920f9b308110a2c1fbd8f443
