Run,Fitness1,Solution1,Fitness2,Solution2
1,132,cba28b89eb859497f544956d64cf2ecf29b76fe2ef7175b33ea59e64293a4461,132.0,cba28b89eb859497f544956d64cf2ecf29b76fe2ef7175b33ea59e64293a4461
1,132.0,cba28b89eb859497f544956d64cf2ecf29b76fe2ef7175b33ea59e64293a4461,131,349c41201b62db851192665c504b350ff98c6b45fb62a8a2161f78b6534d8de9
1,131,349c41201b62db851192665c504b350ff98c6b45fb62a8a2161f78b6534d8de9,131.0,349c41201b62db851192665c504b350ff98c6b45fb62a8a2161f78b6534d8de9
1,131.0,349c41201b62db851192665c504b350ff98c6b45fb62a8a2161f78b6534d8de9,130,349c41201b62db851192665c504b350ff98c6b45fb62a8a2161f78b6534d8de9
1,130,349c41201b62db851192665c504b350ff98c6b45fb62a8a2161f78b6534d8de9,130.0,349c41201b62db851192665c504b350ff98c6b45fb62a8a2161f78b6534d8de9
1,130.0,349c41201b62db851192665c504b350ff98c6b45fb62a8a2161f78b6534d8de9,127,349c41201b62db851192665c504b350ff98c6b45fb62a8a2161f78b6534d8de9
1,127,349c41201b62db851192665c504b350ff98c6b45fb62a8a2161f78b6534d8de9,127.0,349c41201b62db851192665c504b350ff98c6b45fb62a8a2161f78b6534d8de9
1,127.0,349c41201b62db851192665c504b350ff98c6b45fb62a8a2161f78b6534d8de9,126,68519a9eca55c68c72658a2a1716aac3788c289859d46d6f5c3f14760fa37c9e
1,126,68519a9eca55c68c72658a2a1716aac3788c289859d46d6f5c3f14760fa37c9e,126.0,68519a9eca55c68c72658a2a1716aac3788c289859d46d6f5c3f14760fa37c9e
1,126.0,68519a9eca55c68c72658a2a1716aac3788c289859d46d6f5c3f14760fa37c9e,125,2abaca4911e68fa9bfbf3482ee797fd5b9045b841fdff7253557c5fe15de6477
1,125,2abaca4911e68fa9bfbf3482ee797fd5b9045b841fdff7253557c5fe15de6477,125.0,2abaca4911e68fa9bfbf3482ee797fd5b9045b841fdff7253557c5fe15de6477
1,125.0,2abaca4911e68fa9bfbf3482ee797fd5b9045b841fdff7253557c5fe15de6477,124,9ae2bdd7beedc2e766c6b76585530e16925115707dc7a06ab5ee4aa2776b2c7b
1,124,9ae2bdd7beedc2e766c6b76585530e16925115707dc7a06ab5ee4aa2776b2c7b,124.0,9ae2bdd7beedc2e766c6b76585530e16925115707dc7a06ab5ee4aa2776b2c7b
1,124.0,9ae2bdd7beedc2e766c6b76585530e16925115707dc7a06ab5ee4aa2776b2c7b,123,b7a56873cd771f2c446d369b649430b65a756ba278ff97ec81bb6f55b2e73569
1,123,b7a56873cd771f2c446d369b649430b65a756ba278ff97ec81bb6f55b2e73569,123.0,b7a56873cd771f2c446d369b649430b65a756ba278ff97ec81bb6f55b2e73569
1,123.0,b7a56873cd771f2c446d369b649430b65a756ba278ff97ec81bb6f55b2e73569,122,3d914f9348c9cc0ff8a79716700b9fcd4d2f3e711608004eb8f138bcba7f14d9
1,122,3d914f9348c9cc0ff8a79716700b9fcd4d2f3e711608004eb8f138bcba7f14d9,122.0,3d914f9348c9cc0ff8a79716700b9fcd4d2f3e711608004eb8f138bcba7f14d9
1,122.0,3d914f9348c9cc0ff8a79716700b9fcd4d2f3e711608004eb8f138bcba7f14d9,121,3f9807cb9ae9fb6c30942af6139909d27753a5e03fe5a5c6e93b014f5b17366f
1,121,3f9807cb9ae9fb6c30942af6139909d27753a5e03fe5a5c6e93b014f5b17366f,121.0,3f9807cb9ae9fb6c30942af6139909d27753a5e03fe5a5c6e93b014f5b17366f
1,121.0,3f9807cb9ae9fb6c30942af6139909d27753a5e03fe5a5c6e93b014f5b17366f,120,73475cb40a568e8da8a045ced110137e159f890ac4da883b6b17dc651b3a8049
1,120,73475cb40a568e8da8a045ced110137e159f890ac4da883b6b17dc651b3a8049,120.0,73475cb40a568e8da8a045ced110137e159f890ac4da883b6b17dc651b3a8049
1,120.0,73475cb40a568e8da8a045ced110137e159f890ac4da883b6b17dc651b3a8049,119,cd70bea023f752a0564abb6ed08d42c1440f2e33e29914e55e0be1595e24f45a
1,119,cd70bea023f752a0564abb6ed08d42c1440f2e33e29914e55e0be1595e24f45a,119.0,cd70bea023f752a0564abb6ed08d42c1440f2e33e29914e55e0be1595e24f45a
1,119.0,cd70bea023f752a0564abb6ed08d42c1440f2e33e29914e55e0be1595e24f45a,118,69f59c273b6e669ac32a6dd5e1b2cb63333d8b004f9696447aee2d422ce63763
1,118,69f59c273b6e669ac32a6dd5e1b2cb63333d8b004f9696447aee2d422ce63763,118.0,69f59c273b6e669ac32a6dd5e1b2cb63333d8b004f9696447aee2d422ce63763
1,118.0,69f59c273b6e669ac32a6dd5e1b2cb63333d8b004f9696447aee2d422ce63763,117,69f59c273b6e669ac32a6dd5e1b2cb63333d8b004f9696447aee2d422ce63763
1,117,69f59c273b6e669ac32a6dd5e1b2cb63333d8b004f9696447aee2d422ce63763,117.0,69f59c273b6e669ac32a6dd5e1b2cb63333d8b004f9696447aee2d422ce63763
1,117.0,69f59c273b6e669ac32a6dd5e1b2cb63333d8b004f9696447aee2d422ce63763,116,13671077b66a29874a2578b5240319092ef2a1043228e433e9b006b5e53e7513
1,116,13671077b66a29874a2578b5240319092ef2a1043228e433e9b006b5e53e7513,116.0,13671077b66a29874a2578b5240319092ef2a1043228e433e9b006b5e53e7513
1,116.0,13671077b66a29874a2578b5240319092ef2a1043228e433e9b006b5e53e7513,115,f0bc318fb8965cad8d73d578cd03c63b7987dc6a79b906aada091e1b6a13443f
1,115,f0bc318fb8965cad8d73d578cd03c63b7987dc6a79b906aada091e1b6a13443f,115.0,f0bc318fb8965cad8d73d578cd03c63b7987dc6a79b906aada091e1b6a13443f
1,115.0,f0bc318fb8965cad8d73d578cd03c63b7987dc6a79b906aada091e1b6a13443f,114,835d5e8314340ab852a2f979ab4cd53e994dbe38366afb6eed84fe4957b980c8
1,114,835d5e8314340ab852a2f979ab4cd53e994dbe38366afb6eed84fe4957b980c8,114.0,835d5e8314340ab852a2f979ab4cd53e994dbe38366afb6eed84fe4957b980c8
1,114.0,835d5e8314340ab852a2f979ab4cd53e994dbe38366afb6eed84fe4957b980c8,113,624b60c58c9d8bfb6ff1886c2fd605d2adeb6ea4da576068201b6c6958ce93f4
1,113,624b60c58c9d8bfb6ff1886c2fd605d2adeb6ea4da576068201b6c6958ce93f4,113.0,624b60c58c9d8bfb6ff1886c2fd605d2adeb6ea4da576068201b6c6958ce93f4
1,113.0,624b60c58c9d8bfb6ff1886c2fd605d2adeb6ea4da576068201b6c6958ce93f4,112,d59eced1ded07f84c145592f65bdf854358e009c5cd705f5215bf18697fed103
2,133.0,80c3cd40fa35f9088b8741bd8be6153de05f661cfeeb4625ffbf5f4a6c3c02c4,131,25fc0e7096fc653718202dc30b0c580b8ab87eac11a700cba03a7c021bc35b0c
2,131,25fc0e7096fc653718202dc30b0c580b8ab87eac11a700cba03a7c021bc35b0c,131.0,25fc0e7096fc653718202dc30b0c580b8ab87eac11a700cba03a7c021bc35b0c
2,131.0,25fc0e7096fc653718202dc30b0c580b8ab87eac11a700cba03a7c021bc35b0c,130,8d27ba37c5d810106b55f3fd6cdb35842007e88754184bfc0e6035f9bcede633
2,130,8d27ba37c5d810106b55f3fd6cdb35842007e88754184bfc0e6035f9bcede633,130.0,8d27ba37c5d810106b55f3fd6cdb35842007e88754184bfc0e6035f9bcede633
2,130.0,8d27ba37c5d810106b55f3fd6cdb35842007e88754184bfc0e6035f9bcede633,129,8d27ba37c5d810106b55f3fd6cdb35842007e88754184bfc0e6035f9bcede633
2,129,8d27ba37c5d810106b55f3fd6cdb35842007e88754184bfc0e6035f9bcede633,129.0,8d27ba37c5d810106b55f3fd6cdb35842007e88754184bfc0e6035f9bcede633
2,129.0,8d27ba37c5d810106b55f3fd6cdb35842007e88754184bfc0e6035f9bcede633,128,8527a891e224136950ff32ca212b45bc93f69fbb801c3b1ebedac52775f99e61
2,128,8527a891e224136950ff32ca212b45bc93f69fbb801c3b1ebedac52775f99e61,128.0,8527a891e224136950ff32ca212b45bc93f69fbb801c3b1ebedac52775f99e61
2,128.0,8527a891e224136950ff32ca212b45bc93f69fbb801c3b1ebedac52775f99e61,127,8527a891e224136950ff32ca212b45bc93f69fbb801c3b1ebedac52775f99e61
2,127,8527a891e224136950ff32ca212b45bc93f69fbb801c3b1ebedac52775f99e61,127.0,8527a891e224136950ff32ca212b45bc93f69fbb801c3b1ebedac52775f99e61
2,127.0,8527a891e224136950ff32ca212b45bc93f69fbb801c3b1ebedac52775f99e61,126,8527a891e224136950ff32ca212b45bc93f69fbb801c3b1ebedac52775f99e61
2,126,8527a891e224136950ff32ca212b45bc93f69fbb801c3b1ebedac52775f99e61,126.0,8527a891e224136950ff32ca212b45bc93f69fbb801c3b1ebedac52775f99e61
2,126.0,8527a891e224136950ff32ca212b45bc93f69fbb801c3b1ebedac52775f99e61,125,6c658ee83fb7e812482494f3e416a876f63f418a0b8a1f5e76d47ee4177035cb
2,125,6c658ee83fb7e812482494f3e416a876f63f418a0b8a1f5e76d47ee4177035cb,125.0,6c658ee83fb7e812482494f3e416a876f63f418a0b8a1f5e76d47ee4177035cb
2,125.0,6c658ee83fb7e812482494f3e416a876f63f418a0b8a1f5e76d47ee4177035cb,124,6c658ee83fb7e812482494f3e416a876f63f418a0b8a1f5e76d47ee4177035cb
2,124,6c658ee83fb7e812482494f3e416a876f63f418a0b8a1f5e76d47ee4177035cb,124.0,6c658ee83fb7e812482494f3e416a876f63f418a0b8a1f5e76d47ee4177035cb
2,124.0,6c658ee83fb7e812482494f3e416a876f63f418a0b8a1f5e76d47ee4177035cb,123,1da51b8d8ff98f6a48f80ae79fe3ca6c26e1abb7b7d125259255d6d2b875ea08
2,123,1da51b8d8ff98f6a48f80ae79fe3ca6c26e1abb7b7d125259255d6d2b875ea08,123.0,1da51b8d8ff98f6a48f80ae79fe3ca6c26e1abb7b7d125259255d6d2b875ea08
2,123.0,1da51b8d8ff98f6a48f80ae79fe3ca6c26e1abb7b7d125259255d6d2b875ea08,122,b8aed072d29403ece56ae9641638ddd50d420f950bde0eefc092ee8879554141
2,122,b8aed072d29403ece56ae9641638ddd50d420f950bde0eefc092ee8879554141,122.0,b8aed072d29403ece56ae9641638ddd50d420f950bde0eefc092ee8879554141
2,122.0,b8aed072d29403ece56ae9641638ddd50d420f950bde0eefc092ee8879554141,121,922c7954216ccfe7a61def609305ce1dc7c67e225f873f256d30d7a8ee4f404c
2,121,922c7954216ccfe7a61def609305ce1dc7c67e225f873f256d30d7a8ee4f404c,121.0,922c7954216ccfe7a61def609305ce1dc7c67e225f873f256d30d7a8ee4f404c
2,121.0,922c7954216ccfe7a61def609305ce1dc7c67e225f873f256d30d7a8ee4f404c,120,9400f1b21cb527d7fa3d3eabba93557a18ebe7a2ca4e471cfe5e4c5b4ca7f767
2,120,9400f1b21cb527d7fa3d3eabba93557a18ebe7a2ca4e471cfe5e4c5b4ca7f767,120.0,9400f1b21cb527d7fa3d3eabba93557a18ebe7a2ca4e471cfe5e4c5b4ca7f767
2,120.0,9400f1b21cb527d7fa3d3eabba93557a18ebe7a2ca4e471cfe5e4c5b4ca7f767,119,85daaf6f7055cd5736287faed9603d712920092c4f8fd0097ec3b650bf27530e
2,119,85daaf6f7055cd5736287faed9603d712920092c4f8fd0097ec3b650bf27530e,119.0,85daaf6f7055cd5736287faed9603d712920092c4f8fd0097ec3b650bf27530e
2,119.0,85daaf6f7055cd5736287faed9603d712920092c4f8fd0097ec3b650bf27530e,118,85daaf6f7055cd5736287faed9603d712920092c4f8fd0097ec3b650bf27530e
2,118,85daaf6f7055cd5736287faed9603d712920092c4f8fd0097ec3b650bf27530e,118.0,85daaf6f7055cd5736287faed9603d712920092c4f8fd0097ec3b650bf27530e
2,118.0,85daaf6f7055cd5736287faed9603d712920092c4f8fd0097ec3b650bf27530e,117,6b51d431df5d7f141cbececcf79edf3dd861c3b4069f0b11661a3eefacbba918
2,117,6b51d431df5d7f141cbececcf79edf3dd861c3b4069f0b11661a3eefacbba918,117.0,6b51d431df5d7f141cbececcf79edf3dd861c3b4069f0b11661a3eefacbba918
2,117.0,6b51d431df5d7f141cbececcf79edf3dd861c3b4069f0b11661a3eefacbba918,116,5feceb66ffc86f38d952786c6d696c79c2dbc239dd4e91b46729d73a27fb57e9
2,116,5feceb66ffc86f38d952786c6d696c79c2dbc239dd4e91b46729d73a27fb57e9,116.0,5feceb66ffc86f38d952786c6d696c79c2dbc239dd4e91b46729d73a27fb57e9
2,116.0,5feceb66ffc86f38d952786c6d696c79c2dbc239dd4e91b46729d73a27fb57e9,115,5feceb66ffc86f38d952786c6d696c79c2dbc239dd4e91b46729d73a27fb57e9
2,115,5feceb66ffc86f38d952786c6d696c79c2dbc239dd4e91b46729d73a27fb57e9,115.0,5feceb66ffc86f38d952786c6d696c79c2dbc239dd4e91b46729d73a27fb57e9
2,115.0,5feceb66ffc86f38d952786c6d696c79c2dbc239dd4e91b46729d73a27fb57e9,114,c6f3ac57944a531490cd39902d0f777715fd005efac9a30622d5f5205e7f6894
2,114,c6f3ac57944a531490cd39902d0f777715fd005efac9a30622d5f5205e7f6894,114.0,c6f3ac57944a531490cd39902d0f777715fd005efac9a30622d5f5205e7f6894
2,114.0,c6f3ac57944a531490cd39902d0f777715fd005efac9a30622d5f5205e7f6894,113,c75de23d89df36ba921287616ee8edb4c986e328a78e033e57c1e5e2b59c838e
2,113,c75de23d89df36ba921287616ee8edb4c986e328a78e033e57c1e5e2b59c838e,113.0,c75de23d89df36ba921287616ee8edb4c986e328a78e033e57c1e5e2b59c838e
2,113.0,c75de23d89df36ba921287616ee8edb4c986e328a78e033e57c1e5e2b59c838e,112,e5b861a6d8a966dfca7e7341cd3eb6be9901688d547a72ebed0b1f5e14f3d08d
2,112,e5b861a6d8a966dfca7e7341cd3eb6be9901688d547a72ebed0b1f5e14f3d08d,112.0,e5b861a6d8a966dfca7e7341cd3eb6be9901688d547a72ebed0b1f5e14f3d08d
2,112.0,e5b861a6d8a966dfca7e7341cd3eb6be9901688d547a72ebed0b1f5e14f3d08d,111,8bcbb4c131df56f7c79066016241cc4bdf4e58db55c4f674e88b22365bd2e2ad
3,203.0,08490295488a1189099751ebeddb5992313dd2a831e07a92e66d196ddc261777,198,3fdba35f04dc8c462986c992bcf875546257113072a909c162f7e470e581e278
3,198,3fdba35f04dc8c462986c992bcf875546257113072a909c162f7e470e581e278,198.0,3fdba35f04dc8c462986c992bcf875546257113072a909c162f7e470e581e278
3,198.0,3fdba35f04dc8c462986c992bcf875546257113072a909c162f7e470e581e278,196,031b4af5197ec30a926f48cf40e11a7dbc470048a21e4003b7a3c07c5dab1baa
3,196,031b4af5197ec30a926f48cf40e11a7dbc470048a21e4003b7a3c07c5dab1baa,196.0,031b4af5197ec30a926f48cf40e11a7dbc470048a21e4003b7a3c07c5dab1baa
3,196.0,031b4af5197ec30a926f48cf40e11a7dbc470048a21e4003b7a3c07c5dab1baa,134,8722616204217eddb39e7df969e0698aed8e599ba62ed2de1ce49b03ade0fede
3,134,8722616204217eddb39e7df969e0698aed8e599ba62ed2de1ce49b03ade0fede,134.0,8722616204217eddb39e7df969e0698aed8e599ba62ed2de1ce49b03ade0fede
3,134.0,8722616204217eddb39e7df969e0698aed8e599ba62ed2de1ce49b03ade0fede,126,73d3f1ba062585bce51f77d70a26be88c44b55d70f81b8bd7e2ded030ca4454a
3,126,73d3f1ba062585bce51f77d70a26be88c44b55d70f81b8bd7e2ded030ca4454a,126.0,73d3f1ba062585bce51f77d70a26be88c44b55d70f81b8bd7e2ded030ca4454a
3,126.0,73d3f1ba062585bce51f77d70a26be88c44b55d70f81b8bd7e2ded030ca4454a,125,73d3f1ba062585bce51f77d70a26be88c44b55d70f81b8bd7e2ded030ca4454a
3,125,73d3f1ba062585bce51f77d70a26be88c44b55d70f81b8bd7e2ded030ca4454a,125.0,73d3f1ba062585bce51f77d70a26be88c44b55d70f81b8bd7e2ded030ca4454a
3,125.0,73d3f1ba062585bce51f77d70a26be88c44b55d70f81b8bd7e2ded030ca4454a,124,73d3f1ba062585bce51f77d70a26be88c44b55d70f81b8bd7e2ded030ca4454a
3,124,73d3f1ba062585bce51f77d70a26be88c44b55d70f81b8bd7e2ded030ca4454a,124.0,73d3f1ba062585bce51f77d70a26be88c44b55d70f81b8bd7e2ded030ca4454a
3,124.0,73d3f1ba062585bce51f77d70a26be88c44b55d70f81b8bd7e2ded030ca4454a,123,73d3f1ba062585bce51f77d70a26be88c44b55d70f81b8bd7e2ded030ca4454a
3,123,73d3f1ba062585bce51f77d70a26be88c44b55d70f81b8bd7e2ded030ca4454a,123.0,73d3f1ba062585bce51f77d70a26be88c44b55d70f81b8bd7e2ded030ca4454a
3,123.0,73d3f1ba062585bce51f77d70a26be88c44b55d70f81b8bd7e2ded030ca4454a,122,1dfacb2ea5a03e0a915999e03b5a56196f1b1664d2f768d1b7eff60ac059789d
3,122,1dfacb2ea5a03e0a915999e03b5a56196f1b1664d2f768d1b7eff60ac059789d,122.0,1dfacb2ea5a03e0a915999e03b5a56196f1b1664d2f768d1b7eff60ac059789d
3,122.0,1dfacb2ea5a03e0a915999e03b5a56196f1b1664d2f768d1b7eff60ac059789d,121,65a699905c02619370bcf9207f5a477c3d67130ca71ec6f750e07fe8d510b084
3,121,65a699905c02619370bcf9207f5a477c3d67130ca71ec6f750e07fe8d510b084,121.0,65a699905c02619370bcf9207f5a477c3d67130ca71ec6f750e07fe8d510b084
3,121.0,65a699905c02619370bcf9207f5a477c3d67130ca71ec6f750e07fe8d510b084,120,c837649cce43f2729138e72cc315207057ac82599a59be72765a477f22d14a54
3,120,c837649cce43f2729138e72cc315207057ac82599a59be72765a477f22d14a54,120.0,c837649cce43f2729138e72cc315207057ac82599a59be72765a477f22d14a54
3,120.0,c837649cce43f2729138e72cc315207057ac82599a59be72765a477f22d14a54,119,2811745d7b8d8874f6e653d176cefdd19e05e920ce389b9b7e83e5b2dfa546c7
3,119,2811745d7b8d8874f6e653d176cefdd19e05e920ce389b9b7e83e5b2dfa546c7,119.0,2811745d7b8d8874f6e653d176cefdd19e05e920ce389b9b7e83e5b2dfa546c7
3,119.0,2811745d7b8d8874f6e653d176cefdd19e05e920ce389b9b7e83e5b2dfa546c7,118,482d9673cfee5de391f97fde4d1c84f9f8d6f2cf0784fcffb958b4032de7236c
3,118,482d9673cfee5de391f97fde4d1c84f9f8d6f2cf0784fcffb958b4032de7236c,118.0,482d9673cfee5de391f97fde4d1c84f9f8d6f2cf0784fcffb958b4032de7236c
3,118.0,482d9673cfee5de391f97fde4d1c84f9f8d6f2cf0784fcffb958b4032de7236c,117,3e1e967e9b793e908f8eae83c74dba9bcccce6a5535b4b462bd9994537bfe15c
3,117,3e1e967e9b793e908f8eae83c74dba9bcccce6a5535b4b462bd9994537bfe15c,117.0,3e1e967e9b793e908f8eae83c74dba9bcccce6a5535b4b462bd9994537bfe15c
3,117.0,3e1e967e9b793e908f8eae83c74dba9bcccce6a5535b4b462bd9994537bfe15c,116,3e1e967e9b793e908f8eae83c74dba9bcccce6a5535b4b462bd9994537bfe15c
3,116,3e1e967e9b793e908f8eae83c74dba9bcccce6a5535b4b462bd9994537bfe15c,116.0,3e1e967e9b793e908f8eae83c74dba9bcccce6a5535b4b462bd9994537bfe15c
3,116.0,3e1e967e9b793e908f8eae83c74dba9bcccce6a5535b4b462bd9994537bfe15c,115,8ae4c23b80d1e7c8ff79e515fe791ebd68190bae842dda7af193db125f700452
3,115,8ae4c23b80d1e7c8ff79e515fe791ebd68190bae842dda7af193db125f700452,115.0,8ae4c23b80d1e7c8ff79e515fe791ebd68190bae842dda7af193db125f700452
3,115.0,8ae4c23b80d1e7c8ff79e515fe791ebd68190bae842dda7af193db125f700452,114,35135aaa6cc23891b40cb3f378c53a17a1127210ce60e125ccf03efcfdaec458
3,114,35135aaa6cc23891b40cb3f378c53a17a1127210ce60e125ccf03efcfdaec458,114.0,35135aaa6cc23891b40cb3f378c53a17a1127210ce60e125ccf03efcfdaec458
3,114.0,35135aaa6cc23891b40cb3f378c53a17a1127210ce60e125ccf03efcfdaec458,113,7a61b53701befdae0eeeffaecc73f14e20b537bb0f8b91ad7c2936dc63562b25
3,113,7a61b53701befdae0eeeffaecc73f14e20b537bb0f8b91ad7c2936dc63562b25,113.0,7a61b53701befdae0eeeffaecc73f14e20b537bb0f8b91ad7c2936dc63562b25
3,113.0,7a61b53701befdae0eeeffaecc73f14e20b537bb0f8b91ad7c2936dc63562b25,112,be47addbcb8f60566a3d7fd5a36f8195798e2848b368195d9a5d20e007c59a0c
4,202.0,1be00341082e25c4e251ca6713e767f7131a2823b0052caf9c9b006ec512f6cb,193,734d0759cdb4e0d0a35e4fd73749aee287e4fdcc8648b71a8d6ed591b7d4cb3f
4,193,734d0759cdb4e0d0a35e4fd73749aee287e4fdcc8648b71a8d6ed591b7d4cb3f,193.0,734d0759cdb4e0d0a35e4fd73749aee287e4fdcc8648b71a8d6ed591b7d4cb3f
4,193.0,734d0759cdb4e0d0a35e4fd73749aee287e4fdcc8648b71a8d6ed591b7d4cb3f,132,19581e27de7ced00ff1ce50b2047e7a567c76b1cbaebabe5ef03f7c3017bb5b7
4,132,19581e27de7ced00ff1ce50b2047e7a567c76b1cbaebabe5ef03f7c3017bb5b7,132.0,19581e27de7ced00ff1ce50b2047e7a567c76b1cbaebabe5ef03f7c3017bb5b7
4,132.0,19581e27de7ced00ff1ce50b2047e7a567c76b1cbaebabe5ef03f7c3017bb5b7,130,8f1f64db81c40ea10e1e9080c9ae60a7acb8925968c431ee16784dea9841c66f
4,130,8f1f64db81c40ea10e1e9080c9ae60a7acb8925968c431ee16784dea9841c66f,130.0,8f1f64db81c40ea10e1e9080c9ae60a7acb8925968c431ee16784dea9841c66f
4,130.0,8f1f64db81c40ea10e1e9080c9ae60a7acb8925968c431ee16784dea9841c66f,129,0a2d643bfd24a028cd236e76575d828424ccffbfa47392bd09d8ca9dc85e2f8d
4,129,0a2d643bfd24a028cd236e76575d828424ccffbfa47392bd09d8ca9dc85e2f8d,129.0,0a2d643bfd24a028cd236e76575d828424ccffbfa47392bd09d8ca9dc85e2f8d
4,129.0,0a2d643bfd24a028cd236e76575d828424ccffbfa47392bd09d8ca9dc85e2f8d,128,0a2d643bfd24a028cd236e76575d828424ccffbfa47392bd09d8ca9dc85e2f8d
4,128,0a2d643bfd24a028cd236e76575d828424ccffbfa47392bd09d8ca9dc85e2f8d,128.0,0a2d643bfd24a028cd236e76575d828424ccffbfa47392bd09d8ca9dc85e2f8d
4,128.0,0a2d643bfd24a028cd236e76575d828424ccffbfa47392bd09d8ca9dc85e2f8d,127,0a2d643bfd24a028cd236e76575d828424ccffbfa47392bd09d8ca9dc85e2f8d
4,127,0a2d643bfd24a028cd236e76575d828424ccffbfa47392bd09d8ca9dc85e2f8d,127.0,0a2d643bfd24a028cd236e76575d828424ccffbfa47392bd09d8ca9dc85e2f8d
4,127.0,0a2d643bfd24a028cd236e76575d828424ccffbfa47392bd09d8ca9dc85e2f8d,126,36790ecd55c2030dc553685bef719df653f413a20cdad1bfd1dc934c76686ddd
4,126,36790ecd55c2030dc553685bef719df653f413a20cdad1bfd1dc934c76686ddd,126.0,36790ecd55c2030dc553685bef719df653f413a20cdad1bfd1dc934c76686ddd
4,126.0,36790ecd55c2030dc553685bef719df653f413a20cdad1bfd1dc934c76686ddd,125,36790ecd55c2030dc553685bef719df653f413a20cdad1bfd1dc934c76686ddd
4,125,36790ecd55c2030dc553685bef719df653f413a20cdad1bfd1dc934c76686ddd,125.0,36790ecd55c2030dc553685bef719df653f413a20cdad1bfd1dc934c76686ddd
4,125.0,36790ecd55c2030dc553685bef719df653f413a20cdad1bfd1dc934c76686ddd,124,36790ecd55c2030dc553685bef719df653f413a20cdad1bfd1dc934c76686ddd
4,124,36790ecd55c2030dc553685bef719df653f413a20cdad1bfd1dc934c76686ddd,124.0,36790ecd55c2030dc553685bef719df653f413a20cdad1bfd1dc934c76686ddd
4,124.0,36790ecd55c2030dc553685bef719df653f413a20cdad1bfd1dc934c76686ddd,123,7045d16ae7f043ec25774a0a85d6f479e5bb019e9c5a1584bc76736d116b8f33
4,123,7045d16ae7f043ec25774a0a85d6f479e5bb019e9c5a1584bc76736d116b8f33,123.0,7045d16ae7f043ec25774a0a85d6f479e5bb019e9c5a1584bc76736d116b8f33
4,123.0,7045d16ae7f043ec25774a0a85d6f479e5bb019e9c5a1584bc76736d116b8f33,122,7045d16ae7f043ec25774a0a85d6f479e5bb019e9c5a1584bc76736d116b8f33
4,122,7045d16ae7f043ec25774a0a85d6f479e5bb019e9c5a1584bc76736d116b8f33,122.0,7045d16ae7f043ec25774a0a85d6f479e5bb019e9c5a1584bc76736d116b8f33
4,122.0,7045d16ae7f043ec25774a0a85d6f479e5bb019e9c5a1584bc76736d116b8f33,121,7045d16ae7f043ec25774a0a85d6f479e5bb019e9c5a1584bc76736d116b8f33
4,121,7045d16ae7f043ec25774a0a85d6f479e5bb019e9c5a1584bc76736d116b8f33,121.0,7045d16ae7f043ec25774a0a85d6f479e5bb019e9c5a1584bc76736d116b8f33
4,121.0,7045d16ae7f043ec25774a0a85d6f479e5bb019e9c5a1584bc76736d116b8f33,120,5a39cadd1b007093db50744797c7a04a34f73b35ed444704206705b02597d6fd
4,120,5a39cadd1b007093db50744797c7a04a34f73b35ed444704206705b02597d6fd,120.0,5a39cadd1b007093db50744797c7a04a34f73b35ed444704206705b02597d6fd
4,120.0,5a39cadd1b007093db50744797c7a04a34f73b35ed444704206705b02597d6fd,119,67e9c3acebb154a282f326d4ff1951cd1f342e58e74d562b556b517da5e56132
4,119,67e9c3acebb154a282f326d4ff1951cd1f342e58e74d562b556b517da5e56132,119.0,67e9c3acebb154a282f326d4ff1951cd1f342e58e74d562b556b517da5e56132
4,119.0,67e9c3acebb154a282f326d4ff1951cd1f342e58e74d562b556b517da5e56132,118,4621c1d55fa4e86ce0dae4288302641baac86dd53f76227c892df9d300682d41
4,118,4621c1d55fa4e86ce0dae4288302641baac86dd53f76227c892df9d300682d41,118.0,4621c1d55fa4e86ce0dae4288302641baac86dd53f76227c892df9d300682d41
4,118.0,4621c1d55fa4e86ce0dae4288302641baac86dd53f76227c892df9d300682d41,117,4621c1d55fa4e86ce0dae4288302641baac86dd53f76227c892df9d300682d41
4,117,4621c1d55fa4e86ce0dae4288302641baac86dd53f76227c892df9d300682d41,117.0,4621c1d55fa4e86ce0dae4288302641baac86dd53f76227c892df9d300682d41
4,117.0,4621c1d55fa4e86ce0dae4288302641baac86dd53f76227c892df9d300682d41,116,5966abd0cbfc86f98a186531b2b4ee5f6e910120ce13222f98207203dfc9a9a2
4,116,5966abd0cbfc86f98a186531b2b4ee5f6e910120ce13222f98207203dfc9a9a2,116.0,5966abd0cbfc86f98a186531b2b4ee5f6e910120ce13222f98207203dfc9a9a2
4,116.0,5966abd0cbfc86f98a186531b2b4ee5f6e910120ce13222f98207203dfc9a9a2,115,5966abd0cbfc86f98a186531b2b4ee5f6e910120ce13222f98207203dfc9a9a2
4,115,5966abd0cbfc86f98a186531b2b4ee5f6e910120ce13222f98207203dfc9a9a2,115.0,5966abd0cbfc86f98a186531b2b4ee5f6e910120ce13222f98207203dfc9a9a2
4,115.0,5966abd0cbfc86f98a186531b2b4ee5f6e910120ce13222f98207203dfc9a9a2,114,98010bd9270f9b100b6214a21754fd33bdc8d41b2bc9f9dd16ff54d3c34ffd71
4,114,98010bd9270f9b100b6214a21754fd33bdc8d41b2bc9f9dd16ff54d3c34ffd71,114.0,98010bd9270f9b100b6214a21754fd33bdc8d41b2bc9f9dd16ff54d3c34ffd71
4,114.0,98010bd9270f9b100b6214a21754fd33bdc8d41b2bc9f9dd16ff54d3c34ffd71,113,8cd2510271575d8430c05368315a87b9c4784c7389a47496080c1e615a2a00b6
4,113,8cd2510271575d8430c05368315a87b9c4784c7389a47496080c1e615a2a00b6,113.0,8cd2510271575d8430c05368315a87b9c4784c7389a47496080c1e615a2a00b6
4,113.0,8cd2510271575d8430c05368315a87b9c4784c7389a47496080c1e615a2a00b6,112,3d3286f7cd19074f04e514b0c6c237e757513fb32820698b790e1dec801d947a
4,112,3d3286f7cd19074f04e514b0c6c237e757513fb32820698b790e1dec801d947a,112.0,3d3286f7cd19074f04e514b0c6c237e757513fb32820698b790e1dec801d947a
4,112.0,3d3286f7cd19074f04e514b0c6c237e757513fb32820698b790e1dec801d947a,111,ad57366865126e55649ecb23ae1d48887544976efea46a48eb5d85a6eeb4d306
4,111,ad57366865126e55649ecb23ae1d48887544976efea46a48eb5d85a6eeb4d306,111.0,ad57366865126e55649ecb23ae1d48887544976efea46a48eb5d85a6eeb4d306
4,111.0,ad57366865126e55649ecb23ae1d48887544976efea46a48eb5d85a6eeb4d306,110,ad57366865126e55649ecb23ae1d48887544976efea46a48eb5d85a6eeb4d306
5,201.0,6208ef0f7750c111548cf90b6ea1d0d0a66f6bff40dbef07cb45ec436263c7d6,195,2c7d5490e6050836f8f2f0d496b1c8d6a38d4ffac2b898e6e77751bdcd20ebf5
5,195,2c7d5490e6050836f8f2f0d496b1c8d6a38d4ffac2b898e6e77751bdcd20ebf5,195.0,2c7d5490e6050836f8f2f0d496b1c8d6a38d4ffac2b898e6e77751bdcd20ebf5
5,195.0,2c7d5490e6050836f8f2f0d496b1c8d6a38d4ffac2b898e6e77751bdcd20ebf5,136,41cfc0d1f2d127b04555b7246d84019b4d27710a3f3aff6e7764375b1e06e05d
5,136,41cfc0d1f2d127b04555b7246d84019b4d27710a3f3aff6e7764375b1e06e05d,136.0,41cfc0d1f2d127b04555b7246d84019b4d27710a3f3aff6e7764375b1e06e05d
5,136.0,41cfc0d1f2d127b04555b7246d84019b4d27710a3f3aff6e7764375b1e06e05d,135,ff5a1ae012afa5d4c889c50ad427aaf545d31a4fac04ffc1c4d03d403ba4250a
5,135,ff5a1ae012afa5d4c889c50ad427aaf545d31a4fac04ffc1c4d03d403ba4250a,135.0,ff5a1ae012afa5d4c889c50ad427aaf545d31a4fac04ffc1c4d03d403ba4250a
5,135.0,ff5a1ae012afa5d4c889c50ad427aaf545d31a4fac04ffc1c4d03d403ba4250a,134,e629fa6598d732768f7c726b4b621285f9c3b85303900aa912017db7617d8bdb
5,134,e629fa6598d732768f7c726b4b621285f9c3b85303900aa912017db7617d8bdb,134.0,e629fa6598d732768f7c726b4b621285f9c3b85303900aa912017db7617d8bdb
5,134.0,e629fa6598d732768f7c726b4b621285f9c3b85303900aa912017db7617d8bdb,132,c17edaae86e4016a583e098582f6dbf3eccade8ef83747df9ba617ded9d31309
5,132,c17edaae86e4016a583e098582f6dbf3eccade8ef83747df9ba617ded9d31309,132.0,c17edaae86e4016a583e098582f6dbf3eccade8ef83747df9ba617ded9d31309
5,132.0,c17edaae86e4016a583e098582f6dbf3eccade8ef83747df9ba617ded9d31309,130,05ada863a4cf9660fd8c68e2295f1d35b2264815f5b605003d6625bd9e0492cf
5,130,05ada863a4cf9660fd8c68e2295f1d35b2264815f5b605003d6625bd9e0492cf,130.0,05ada863a4cf9660fd8c68e2295f1d35b2264815f5b605003d6625bd9e0492cf
5,130.0,05ada863a4cf9660fd8c68e2295f1d35b2264815f5b605003d6625bd9e0492cf,129,05ada863a4cf9660fd8c68e2295f1d35b2264815f5b605003d6625bd9e0492cf
5,129,05ada863a4cf9660fd8c68e2295f1d35b2264815f5b605003d6625bd9e0492cf,129.0,05ada863a4cf9660fd8c68e2295f1d35b2264815f5b605003d6625bd9e0492cf
5,129.0,05ada863a4cf9660fd8c68e2295f1d35b2264815f5b605003d6625bd9e0492cf,128,05ada863a4cf9660fd8c68e2295f1d35b2264815f5b605003d6625bd9e0492cf
5,128,05ada863a4cf9660fd8c68e2295f1d35b2264815f5b605003d6625bd9e0492cf,128.0,05ada863a4cf9660fd8c68e2295f1d35b2264815f5b605003d6625bd9e0492cf
5,128.0,05ada863a4cf9660fd8c68e2295f1d35b2264815f5b605003d6625bd9e0492cf,127,05ada863a4cf9660fd8c68e2295f1d35b2264815f5b605003d6625bd9e0492cf
5,127,05ada863a4cf9660fd8c68e2295f1d35b2264815f5b605003d6625bd9e0492cf,127.0,05ada863a4cf9660fd8c68e2295f1d35b2264815f5b605003d6625bd9e0492cf
5,127.0,05ada863a4cf9660fd8c68e2295f1d35b2264815f5b605003d6625bd9e0492cf,126,05ada863a4cf9660fd8c68e2295f1d35b2264815f5b605003d6625bd9e0492cf
5,126,05ada863a4cf9660fd8c68e2295f1d35b2264815f5b605003d6625bd9e0492cf,126.0,05ada863a4cf9660fd8c68e2295f1d35b2264815f5b605003d6625bd9e0492cf
5,126.0,05ada863a4cf9660fd8c68e2295f1d35b2264815f5b605003d6625bd9e0492cf,125,05ada863a4cf9660fd8c68e2295f1d35b2264815f5b605003d6625bd9e0492cf
5,125,05ada863a4cf9660fd8c68e2295f1d35b2264815f5b605003d6625bd9e0492cf,125.0,05ada863a4cf9660fd8c68e2295f1d35b2264815f5b605003d6625bd9e0492cf
5,125.0,05ada863a4cf9660fd8c68e2295f1d35b2264815f5b605003d6625bd9e0492cf,124,bb668ca95563216088b98a62557fa1e26802563f3919ac78ae30533bb9ed422c
5,124,bb668ca95563216088b98a62557fa1e26802563f3919ac78ae30533bb9ed422c,124.0,bb668ca95563216088b98a62557fa1e26802563f3919ac78ae30533bb9ed422c
5,124.0,bb668ca95563216088b98a62557fa1e26802563f3919ac78ae30533bb9ed422c,123,f369cb89fc627e668987007d121ed1eacdc01db9e28f8bb26f358b7d8c4f08ac
5,123,f369cb89fc627e668987007d121ed1eacdc01db9e28f8bb26f358b7d8c4f08ac,123.0,f369cb89fc627e668987007d121ed1eacdc01db9e28f8bb26f358b7d8c4f08ac
5,123.0,f369cb89fc627e668987007d121ed1eacdc01db9e28f8bb26f358b7d8c4f08ac,122,83f814f7a92e365cbd79f9addceed185761a8d38a06a2d4350bb1fe4b7632b34
5,122,83f814f7a92e365cbd79f9addceed185761a8d38a06a2d4350bb1fe4b7632b34,122.0,83f814f7a92e365cbd79f9addceed185761a8d38a06a2d4350bb1fe4b7632b34
5,122.0,83f814f7a92e365cbd79f9addceed185761a8d38a06a2d4350bb1fe4b7632b34,121,0fd42b3f73c448b34940b339f87d07adf116b05c0227aad72e8f0ee90533e699
5,121,0fd42b3f73c448b34940b339f87d07adf116b05c0227aad72e8f0ee90533e699,121.0,0fd42b3f73c448b34940b339f87d07adf116b05c0227aad72e8f0ee90533e699
5,121.0,0fd42b3f73c448b34940b339f87d07adf116b05c0227aad72e8f0ee90533e699,120,0fd42b3f73c448b34940b339f87d07adf116b05c0227aad72e8f0ee90533e699
5,120,0fd42b3f73c448b34940b339f87d07adf116b05c0227aad72e8f0ee90533e699,120.0,0fd42b3f73c448b34940b339f87d07adf116b05c0227aad72e8f0ee90533e699
5,120.0,0fd42b3f73c448b34940b339f87d07adf116b05c0227aad72e8f0ee90533e699,119,2fca346db656187102ce806ac732e06a62df0dbb2829e511a770556d398e1a6e
5,119,2fca346db656187102ce806ac732e06a62df0dbb2829e511a770556d398e1a6e,119.0,2fca346db656187102ce806ac732e06a62df0dbb2829e511a770556d398e1a6e
5,119.0,2fca346db656187102ce806ac732e06a62df0dbb2829e511a770556d398e1a6e,118,bdd2d3af3a5a1213497d4f1f7bfcda898274fe9cb5401bbc0190885664708fc2
5,118,bdd2d3af3a5a1213497d4f1f7bfcda898274fe9cb5401bbc0190885664708fc2,118.0,bdd2d3af3a5a1213497d4f1f7bfcda898274fe9cb5401bbc0190885664708fc2
5,118.0,bdd2d3af3a5a1213497d4f1f7bfcda898274fe9cb5401bbc0190885664708fc2,117,71ee45a3c0db9a9865f7313dd3372cf60dca6479d46261f3542eb9346e4a04d6
5,117,71ee45a3c0db9a9865f7313dd3372cf60dca6479d46261f3542eb9346e4a04d6,117.0,71ee45a3c0db9a9865f7313dd3372cf60dca6479d46261f3542eb9346e4a04d6
5,117.0,71ee45a3c0db9a9865f7313dd3372cf60dca6479d46261f3542eb9346e4a04d6,116,01d54579da446ae1e75cda808cd188438834fa6249b151269db0f9123c9ddc61
5,116,01d54579da446ae1e75cda808cd188438834fa6249b151269db0f9123c9ddc61,116.0,01d54579da446ae1e75cda808cd188438834fa6249b151269db0f9123c9ddc61
5,116.0,01d54579da446ae1e75cda808cd188438834fa6249b151269db0f9123c9ddc61,115,434c9b5ae514646bbd91b50032ca579efec8f22bf0b4aac12e65997c418e0dd6
5,115,434c9b5ae514646bbd91b50032ca579efec8f22bf0b4aac12e65997c418e0dd6,115.0,434c9b5ae514646bbd91b50032ca579efec8f22bf0b4aac12e65997c418e0dd6
5,115.0,434c9b5ae514646bbd91b50032ca579efec8f22bf0b4aac12e65997c418e0dd6,114,bfa7634640c53da7cb5e9c39031128c4e583399f936896f27f999f1d58d7b37e
5,114,bfa7634640c53da7cb5e9c39031128c4e583399f936896f27f999f1d58d7b37e,114.0,bfa7634640c53da7cb5e9c39031128c4e583399f936896f27f999f1d58d7b37e
5,114.0,bfa7634640c53da7cb5e9c39031128c4e583399f936896f27f999f1d58d7b37e,113,0a5b046d07f6f971b7776de682f57c5b9cdc8fa060db7ef59de82e721c8098f4
5,113,0a5b046d07f6f971b7776de682f57c5b9cdc8fa060db7ef59de82e721c8098f4,113.0,0a5b046d07f6f971b7776de682f57c5b9cdc8fa060db7ef59de82e721c8098f4
5,113.0,0a5b046d07f6f971b7776de682f57c5b9cdc8fa060db7ef59de82e721c8098f4,112,8241649609f88ccd2a0a5b233a07a538ec313ff6adf695aa44a969dbca39f67d
5,112,8241649609f88ccd2a0a5b233a07a538ec313ff6adf695aa44a969dbca39f67d,112.0,8241649609f88ccd2a0a5b233a07a538ec313ff6adf695aa44a969dbca39f67d
5,112.0,8241649609f88ccd2a0a5b233a07a538ec313ff6adf695aa44a969dbca39f67d,111,4a8596a7790b5ca9e067da401c018b3206befbcf95c38121854d1a0158e7678a
5,111,4a8596a7790b5ca9e067da401c018b3206befbcf95c38121854d1a0158e7678a,111.0,4a8596a7790b5ca9e067da401c018b3206befbcf95c38121854d1a0158e7678a
5,111.0,4a8596a7790b5ca9e067da401c018b3206befbcf95c38121854d1a0158e7678a,110,9d693eeee1d1899cbc50b6d45df953d3835acf28ee869879b45565fccc814765
6,200.0,d029fa3a95e174a19934857f535eb9427d967218a36ea014b70ad704bc6c8d1c,136,81b8a03f97e8787c53fe1a86bda042b6f0de9b0ec9c09357e107c99ba4d6948a
6,136,81b8a03f97e8787c53fe1a86bda042b6f0de9b0ec9c09357e107c99ba4d6948a,136.0,81b8a03f97e8787c53fe1a86bda042b6f0de9b0ec9c09357e107c99ba4d6948a
6,136.0,81b8a03f97e8787c53fe1a86bda042b6f0de9b0ec9c09357e107c99ba4d6948a,130,8c1f1046219ddd216a023f792356ddf127fce372a72ec9b4cdac989ee5b0b455
6,130,8c1f1046219ddd216a023f792356ddf127fce372a72ec9b4cdac989ee5b0b455,130.0,8c1f1046219ddd216a023f792356ddf127fce372a72ec9b4cdac989ee5b0b455
6,130.0,8c1f1046219ddd216a023f792356ddf127fce372a72ec9b4cdac989ee5b0b455,129,8c1f1046219ddd216a023f792356ddf127fce372a72ec9b4cdac989ee5b0b455
6,129,8c1f1046219ddd216a023f792356ddf127fce372a72ec9b4cdac989ee5b0b455,129.0,8c1f1046219ddd216a023f792356ddf127fce372a72ec9b4cdac989ee5b0b455
6,129.0,8c1f1046219ddd216a023f792356ddf127fce372a72ec9b4cdac989ee5b0b455,128,ff2ccb6ba423d356bd549ed4bfb76e96976a0dcde05a09996a1cdb9f83422ec4
6,128,ff2ccb6ba423d356bd549ed4bfb76e96976a0dcde05a09996a1cdb9f83422ec4,128.0,ff2ccb6ba423d356bd549ed4bfb76e96976a0dcde05a09996a1cdb9f83422ec4
6,128.0,ff2ccb6ba423d356bd549ed4bfb76e96976a0dcde05a09996a1cdb9f83422ec4,127,0fecf9247f3ddc84db8a804fa3065c013baf6b7c2458c2ba2bf56c2e1d42ddd4
6,127,0fecf9247f3ddc84db8a804fa3065c013baf6b7c2458c2ba2bf56c2e1d42ddd4,127.0,0fecf9247f3ddc84db8a804fa3065c013baf6b7c2458c2ba2bf56c2e1d42ddd4
6,127.0,0fecf9247f3ddc84db8a804fa3065c013baf6b7c2458c2ba2bf56c2e1d42ddd4,126,9b871512327c09ce91dd649b3f96a63b7408ef267c8cc5710114e629730cb61f
6,126,9b871512327c09ce91dd649b3f96a63b7408ef267c8cc5710114e629730cb61f,126.0,9b871512327c09ce91dd649b3f96a63b7408ef267c8cc5710114e629730cb61f
6,126.0,9b871512327c09ce91dd649b3f96a63b7408ef267c8cc5710114e629730cb61f,125,e29c9c180c6279b0b02abd6a1801c7c04082cf486ec027aa13515e4f3884bb6b
6,125,e29c9c180c6279b0b02abd6a1801c7c04082cf486ec027aa13515e4f3884bb6b,125.0,e29c9c180c6279b0b02abd6a1801c7c04082cf486ec027aa13515e4f3884bb6b
6,125.0,e29c9c180c6279b0b02abd6a1801c7c04082cf486ec027aa13515e4f3884bb6b,124,dac53c17c250fd4d4d81eaf6d88435676dac1f3f3896441e277af839bf50ed8a
6,124,dac53c17c250fd4d4d81eaf6d88435676dac1f3f3896441e277af839bf50ed8a,124.0,dac53c17c250fd4d4d81eaf6d88435676dac1f3f3896441e277af839bf50ed8a
6,124.0,dac53c17c250fd4d4d81eaf6d88435676dac1f3f3896441e277af839bf50ed8a,123,670671cd97404156226e507973f2ab8330d3022ca96e0c93bdbdb320c41adcaf
6,123,670671cd97404156226e507973f2ab8330d3022ca96e0c93bdbdb320c41adcaf,123.0,670671cd97404156226e507973f2ab8330d3022ca96e0c93bdbdb320c41adcaf
6,123.0,670671cd97404156226e507973f2ab8330d3022ca96e0c93bdbdb320c41adcaf,122,749fc650cacb0f06547520d53c31505c8156e0a3be07073eddb2ef3ad9e383ba
6,122,749fc650cacb0f06547520d53c31505c8156e0a3be07073eddb2ef3ad9e383ba,122.0,749fc650cacb0f06547520d53c31505c8156e0a3be07073eddb2ef3ad9e383ba
6,122.0,749fc650cacb0f06547520d53c31505c8156e0a3be07073eddb2ef3ad9e383ba,121,749fc650cacb0f06547520d53c31505c8156e0a3be07073eddb2ef3ad9e383ba
6,121,749fc650cacb0f06547520d53c31505c8156e0a3be07073eddb2ef3ad9e383ba,121.0,749fc650cacb0f06547520d53c31505c8156e0a3be07073eddb2ef3ad9e383ba
6,121.0,749fc650cacb0f06547520d53c31505c8156e0a3be07073eddb2ef3ad9e383ba,120,d4735e3a265e16eee03f59718b9b5d03019c07d8b6c51f90da3a666eec13ab35
6,120,d4735e3a265e16eee03f59718b9b5d03019c07d8b6c51f90da3a666eec13ab35,120.0,d4735e3a265e16eee03f59718b9b5d03019c07d8b6c51f90da3a666eec13ab35
6,120.0,d4735e3a265e16eee03f59718b9b5d03019c07d8b6c51f90da3a666eec13ab35,119,96061e92f58e4bdcdee73df36183fe3ac64747c81c26f6c83aada8d2aabb1864
6,119,96061e92f58e4bdcdee73df36183fe3ac64747c81c26f6c83aada8d2aabb1864,119.0,96061e92f58e4bdcdee73df36183fe3ac64747c81c26f6c83aada8d2aabb1864
6,119.0,96061e92f58e4bdcdee73df36183fe3ac64747c81c26f6c83aada8d2aabb1864,118,5d389f5e2e34c6b0bad96581c22cee0be36dcf627cd73af4d4cccacd9ef40cc3
6,118,5d389f5e2e34c6b0bad96581c22cee0be36dcf627cd73af4d4cccacd9ef40cc3,118.0,5d389f5e2e34c6b0bad96581c22cee0be36dcf627cd73af4d4cccacd9ef40cc3
6,118.0,5d389f5e2e34c6b0bad96581c22cee0be36dcf627cd73af4d4cccacd9ef40cc3,117,1d0ebea552eb43d0b1e1561f6de8ae92e3de7f1abec52399244d1caed7dbdfa6
6,117,1d0ebea552eb43d0b1e1561f6de8ae92e3de7f1abec52399244d1caed7dbdfa6,117.0,1d0ebea552eb43d0b1e1561f6de8ae92e3de7f1abec52399244d1caed7dbdfa6
6,117.0,1d0ebea552eb43d0b1e1561f6de8ae92e3de7f1abec52399244d1caed7dbdfa6,116,1d0ebea552eb43d0b1e1561f6de8ae92e3de7f1abec52399244d1caed7dbdfa6
6,116,1d0ebea552eb43d0b1e1561f6de8ae92e3de7f1abec52399244d1caed7dbdfa6,116.0,1d0ebea552eb43d0b1e1561f6de8ae92e3de7f1abec52399244d1caed7dbdfa6
6,116.0,1d0ebea552eb43d0b1e1561f6de8ae92e3de7f1abec52399244d1caed7dbdfa6,115,41e521adf8ae7a0f419ee06e1d9fb794162369237b46f64bf5b2b9969b0bcd2e
6,115,41e521adf8ae7a0f419ee06e1d9fb794162369237b46f64bf5b2b9969b0bcd2e,115.0,41e521adf8ae7a0f419ee06e1d9fb794162369237b46f64bf5b2b9969b0bcd2e
6,115.0,41e521adf8ae7a0f419ee06e1d9fb794162369237b46f64bf5b2b9969b0bcd2e,114,4e07408562bedb8b60ce05c1decfe3ad16b72230967de01f640b7e4729b49fce
6,114,4e07408562bedb8b60ce05c1decfe3ad16b72230967de01f640b7e4729b49fce,114.0,4e07408562bedb8b60ce05c1decfe3ad16b72230967de01f640b7e4729b49fce
6,114.0,4e07408562bedb8b60ce05c1decfe3ad16b72230967de01f640b7e4729b49fce,113,4fc82b26aecb47d2868c4efbe3581732a3e7cbcc6c2efb32062c08170a05eeb8
6,113,4fc82b26aecb47d2868c4efbe3581732a3e7cbcc6c2efb32062c08170a05eeb8,113.0,4fc82b26aecb47d2868c4efbe3581732a3e7cbcc6c2efb32062c08170a05eeb8
6,113.0,4fc82b26aecb47d2868c4efbe3581732a3e7cbcc6c2efb32062c08170a05eeb8,112,9f1f9dce319c4700ef28ec8c53bd3cc8e6abe64c68385479ab89215806a5bdd6
6,112,9f1f9dce319c4700ef28ec8c53bd3cc8e6abe64c68385479ab89215806a5bdd6,112.0,9f1f9dce319c4700ef28ec8c53bd3cc8e6abe64c68385479ab89215806a5bdd6
6,112.0,9f1f9dce319c4700ef28ec8c53bd3cc8e6abe64c68385479ab89215806a5bdd6,111,7688b6ef52555962d008fff894223582c484517cea7da49ee67800adc7fc8866
7,198.0,6b86b273ff34fce19d6b804eff5a3f5747ada4eaa22f1d49c01e52ddb7875b4b,197,84a5092e4a5b6fe968fd523fb2fc917dbffae44105f82b6b94c8ed5b9a800223
7,197,84a5092e4a5b6fe968fd523fb2fc917dbffae44105f82b6b94c8ed5b9a800223,197.0,84a5092e4a5b6fe968fd523fb2fc917dbffae44105f82b6b94c8ed5b9a800223
7,197.0,84a5092e4a5b6fe968fd523fb2fc917dbffae44105f82b6b94c8ed5b9a800223,133,580811fa95269f3ecd4f22d176e079d36093573680b6ef66fa341e687a15b5da
7,133,580811fa95269f3ecd4f22d176e079d36093573680b6ef66fa341e687a15b5da,133.0,580811fa95269f3ecd4f22d176e079d36093573680b6ef66fa341e687a15b5da
7,133.0,580811fa95269f3ecd4f22d176e079d36093573680b6ef66fa341e687a15b5da,130,a0eaec5a55dc2f5b2ba523018adc485ff620b9d83509b9f37186a7716e438d21
7,130,a0eaec5a55dc2f5b2ba523018adc485ff620b9d83509b9f37186a7716e438d21,130.0,a0eaec5a55dc2f5b2ba523018adc485ff620b9d83509b9f37186a7716e438d21
7,130.0,a0eaec5a55dc2f5b2ba523018adc485ff620b9d83509b9f37186a7716e438d21,129,a0eaec5a55dc2f5b2ba523018adc485ff620b9d83509b9f37186a7716e438d21
7,129,a0eaec5a55dc2f5b2ba523018adc485ff620b9d83509b9f37186a7716e438d21,129.0,a0eaec5a55dc2f5b2ba523018adc485ff620b9d83509b9f37186a7716e438d21
7,129.0,a0eaec5a55dc2f5b2ba523018adc485ff620b9d83509b9f37186a7716e438d21,128,0f4121d0ef1df4c86854c7ebb47ae1c93de8aec8f944035eeaa6495dd71a0678
7,128,0f4121d0ef1df4c86854c7ebb47ae1c93de8aec8f944035eeaa6495dd71a0678,128.0,0f4121d0ef1df4c86854c7ebb47ae1c93de8aec8f944035eeaa6495dd71a0678
7,128.0,0f4121d0ef1df4c86854c7ebb47ae1c93de8aec8f944035eeaa6495dd71a0678,127,0f4121d0ef1df4c86854c7ebb47ae1c93de8aec8f944035eeaa6495dd71a0678
7,127,0f4121d0ef1df4c86854c7ebb47ae1c93de8aec8f944035eeaa6495dd71a0678,127.0,0f4121d0ef1df4c86854c7ebb47ae1c93de8aec8f944035eeaa6495dd71a0678
7,127.0,0f4121d0ef1df4c86854c7ebb47ae1c93de8aec8f944035eeaa6495dd71a0678,126,c0509a487a18b003ba05e505419ebb63e57a29158073e381f57160b5c5b86426
7,126,c0509a487a18b003ba05e505419ebb63e57a29158073e381f57160b5c5b86426,126.0,c0509a487a18b003ba05e505419ebb63e57a29158073e381f57160b5c5b86426
7,126.0,c0509a487a18b003ba05e505419ebb63e57a29158073e381f57160b5c5b86426,125,6f4b6612125fb3a0daecd2799dfd6c9c299424fd920f9b308110a2c1fbd8f443
7,125,6f4b6612125fb3a0daecd2799dfd6c9c299424fd920f9b308110a2c1fbd8f443,125.0,6f4b6612125fb3a0daecd2799dfd6c9c299424fd920f9b308110a2c1fbd8f443
7,125.0,6f4b6612125fb3a0daecd2799dfd6c9c299424fd920f9b308110a2c1fbd8f443,124,8b940be7fb78aaa6b6567dd7a3987996947460df1c668e698eb92ca77e425349
7,124,8b940be7fb78aaa6b6567dd7a3987996947460df1c668e698eb92ca77e425349,124.0,8b940be7fb78aaa6b6567dd7a3987996947460df1c668e698eb92ca77e425349
7,124.0,8b940be7fb78aaa6b6567dd7a3987996947460df1c668e698eb92ca77e425349,123,8b940be7fb78aaa6b6567dd7a3987996947460df1c668e698eb92ca77e425349
7,123,8b940be7fb78aaa6b6567dd7a3987996947460df1c668e698eb92ca77e425349,123.0,8b940be7fb78aaa6b6567dd7a3987996947460df1c668e698eb92ca77e425349
7,123.0,8b940be7fb78aaa6b6567dd7a3987996947460df1c668e698eb92ca77e425349,122,2c624232cdd221771294dfbb310aca000a0df6ac8b66b696d90ef06fdefb64a3
7,122,2c624232cdd221771294dfbb310aca000a0df6ac8b66b696d90ef06fdefb64a3,122.0,2c624232cdd221771294dfbb310aca000a0df6ac8b66b696d90ef06fdefb64a3
7,122.0,2c624232cdd221771294dfbb310aca000a0df6ac8b66b696d90ef06fdefb64a3,121,138d9e809e386a7b800791d1f664f56d1c55f3d1ba411b950862729bc486c5ce
7,121,138d9e809e386a7b800791d1f664f56d1c55f3d1ba411b950862729bc486c5ce,121.0,138d9e809e386a7b800791d1f664f56d1c55f3d1ba411b950862729bc486c5ce
7,121.0,138d9e809e386a7b800791d1f664f56d1c55f3d1ba411b950862729bc486c5ce,120,d48ff4b2f68a10fd7c86f185a6ccede0dc0f2c48538d697cb33b6ada3f1e85db
7,120,d48ff4b2f68a10fd7c86f185a6ccede0dc0f2c48538d697cb33b6ada3f1e85db,120.0,d48ff4b2f68a10fd7c86f185a6ccede0dc0f2c48538d697cb33b6ada3f1e85db
7,120.0,d48ff4b2f68a10fd7c86f185a6ccede0dc0f2c48538d697cb33b6ada3f1e85db,119,48449a14a4ff7d79bb7a1b6f3d488eba397c36ef25634c111b49baf362511afc
7,119,48449a14a4ff7d79bb7a1b6f3d488eba397c36ef25634c111b49baf362511afc,119.0,48449a14a4ff7d79bb7a1b6f3d488eba397c36ef25634c111b49baf362511afc
7,119.0,48449a14a4ff7d79bb7a1b6f3d488eba397c36ef25634c111b49baf362511afc,118,314f04b30f62e0056bd059354a5536fb2e302107eed143b5fa2aa0bbba07f608
7,118,314f04b30f62e0056bd059354a5536fb2e302107eed143b5fa2aa0bbba07f608,118.0,314f04b30f62e0056bd059354a5536fb2e302107eed143b5fa2aa0bbba07f608
7,118.0,314f04b30f62e0056bd059354a5536fb2e302107eed143b5fa2aa0bbba07f608,117,314f04b30f62e0056bd059354a5536fb2e302107eed143b5fa2aa0bbba07f608
7,117,314f04b30f62e0056bd059354a5536fb2e302107eed143b5fa2aa0bbba07f608,117.0,314f04b30f62e0056bd059354a5536fb2e302107eed143b5fa2aa0bbba07f608
7,117.0,314f04b30f62e0056bd059354a5536fb2e302107eed143b5fa2aa0bbba07f608,116,6566230e3a3ce3774c1bbc7c18b590ae0f457bbcd511e90e3e7dca2a02e7addc
7,116,6566230e3a3ce3774c1bbc7c18b590ae0f457bbcd511e90e3e7dca2a02e7addc,116.0,6566230e3a3ce3774c1bbc7c18b590ae0f457bbcd511e90e3e7dca2a02e7addc
7,116.0,6566230e3a3ce3774c1bbc7c18b590ae0f457bbcd511e90e3e7dca2a02e7addc,115,fc56dbc6d4652b315b86b71c8d688c1ccdea9c5f1fd07763d2659fde2e2fc49a
7,115,fc56dbc6d4652b315b86b71c8d688c1ccdea9c5f1fd07763d2659fde2e2fc49a,115.0,fc56dbc6d4652b315b86b71c8d688c1ccdea9c5f1fd07763d2659fde2e2fc49a
7,115.0,fc56dbc6d4652b315b86b71c8d688c1ccdea9c5f1fd07763d2659fde2e2fc49a,114,14063697603e22d600d336bee6cff12c8be93509ce84a0642918d89b2aef1753
7,114,14063697603e22d600d336bee6cff12c8be93509ce84a0642918d89b2aef1753,114.0,14063697603e22d600d336bee6cff12c8be93509ce84a0642918d89b2aef1753
7,114.0,14063697603e22d600d336bee6cff12c8be93509ce84a0642918d89b2aef1753,113,b4944c6ff08dc6f43da2e9c824669b7d927dd1fa976fadc7b456881f51bf5ccc
7,113,b4944c6ff08dc6f43da2e9c824669b7d927dd1fa976fadc7b456881f51bf5ccc,113.0,b4944c6ff08dc6f43da2e9c824669b7d927dd1fa976fadc7b456881f51bf5ccc
7,113.0,b4944c6ff08dc6f43da2e9c824669b7d927dd1fa976fadc7b456881f51bf5ccc,112,114bd151f8fb0c58642d2170da4ae7d7c57977260ac2cc8905306cab6b2acabc
8,183.0,3ada92f28b4ceda38562ebf047c6ff05400d4c572352a1142eedfef67d21e662,132,e7f6c011776e8db7cd330b54174fd76f7d0216b612387a5ffcfb81e6f0919683
8,132,e7f6c011776e8db7cd330b54174fd76f7d0216b612387a5ffcfb81e6f0919683,132.0,e7f6c011776e8db7cd330b54174fd76f7d0216b612387a5ffcfb81e6f0919683
8,132.0,e7f6c011776e8db7cd330b54174fd76f7d0216b612387a5ffcfb81e6f0919683,129,4ec9599fc203d176a301536c2e091a19bc852759b255bd6818810a42c5fed14a
8,129,4ec9599fc203d176a301536c2e091a19bc852759b255bd6818810a42c5fed14a,129.0,4ec9599fc203d176a301536c2e091a19bc852759b255bd6818810a42c5fed14a
8,129.0,4ec9599fc203d176a301536c2e091a19bc852759b255bd6818810a42c5fed14a,128,4ec9599fc203d176a301536c2e091a19bc852759b255bd6818810a42c5fed14a
8,128,4ec9599fc203d176a301536c2e091a19bc852759b255bd6818810a42c5fed14a,128.0,4ec9599fc203d176a301536c2e091a19bc852759b255bd6818810a42c5fed14a
8,128.0,4ec9599fc203d176a301536c2e091a19bc852759b255bd6818810a42c5fed14a,127,4ec9599fc203d176a301536c2e091a19bc852759b255bd6818810a42c5fed14a
8,127,4ec9599fc203d176a301536c2e091a19bc852759b255bd6818810a42c5fed14a,127.0,4ec9599fc203d176a301536c2e091a19bc852759b255bd6818810a42c5fed14a
8,127.0,4ec9599fc203d176a301536c2e091a19bc852759b255bd6818810a42c5fed14a,126,011af72a910ac4acf367eef9e6b761e0980842c30d4e9809840f4141d5163ede
8,126,011af72a910ac4acf367eef9e6b761e0980842c30d4e9809840f4141d5163ede,126.0,011af72a910ac4acf367eef9e6b761e0980842c30d4e9809840f4141d5163ede
8,126.0,011af72a910ac4acf367eef9e6b761e0980842c30d4e9809840f4141d5163ede,125,0e17daca5f3e175f448bacace3bc0da47d0655a74c8dd0dc497a3afbdad95f1f
8,125,0e17daca5f3e175f448bacace3bc0da47d0655a74c8dd0dc497a3afbdad95f1f,125.0,0e17daca5f3e175f448bacace3bc0da47d0655a74c8dd0dc497a3afbdad95f1f
8,125.0,0e17daca5f3e175f448bacace3bc0da47d0655a74c8dd0dc497a3afbdad95f1f,124,0e17daca5f3e175f448bacace3bc0da47d0655a74c8dd0dc497a3afbdad95f1f
8,124,0e17daca5f3e175f448bacace3bc0da47d0655a74c8dd0dc497a3afbdad95f1f,124.0,0e17daca5f3e175f448bacace3bc0da47d0655a74c8dd0dc497a3afbdad95f1f
8,124.0,0e17daca5f3e175f448bacace3bc0da47d0655a74c8dd0dc497a3afbdad95f1f,123,0e17daca5f3e175f448bacace3bc0da47d0655a74c8dd0dc497a3afbdad95f1f
8,123,0e17daca5f3e175f448bacace3bc0da47d0655a74c8dd0dc497a3afbdad95f1f,123.0,0e17daca5f3e175f448bacace3bc0da47d0655a74c8dd0dc497a3afbdad95f1f
8,123.0,0e17daca5f3e175f448bacace3bc0da47d0655a74c8dd0dc497a3afbdad95f1f,122,0e17daca5f3e175f448bacace3bc0da47d0655a74c8dd0dc497a3afbdad95f1f
8,122,0e17daca5f3e175f448bacace3bc0da47d0655a74c8dd0dc497a3afbdad95f1f,122.0,0e17daca5f3e175f448bacace3bc0da47d0655a74c8dd0dc497a3afbdad95f1f
8,122.0,0e17daca5f3e175f448bacace3bc0da47d0655a74c8dd0dc497a3afbdad95f1f,121,4523540f1504cd17100c4835e85b7eefd49911580f8efff0599a8f283be6b9e3
8,121,4523540f1504cd17100c4835e85b7eefd49911580f8efff0599a8f283be6b9e3,121.0,4523540f1504cd17100c4835e85b7eefd49911580f8efff0599a8f283be6b9e3
8,121.0,4523540f1504cd17100c4835e85b7eefd49911580f8efff0599a8f283be6b9e3,120,9f14025af0065b30e47e23ebb3b491d39ae8ed17d33739e5ff3827ffb3634953
8,120,9f14025af0065b30e47e23ebb3b491d39ae8ed17d33739e5ff3827ffb3634953,120.0,9f14025af0065b30e47e23ebb3b491d39ae8ed17d33739e5ff3827ffb3634953
8,120.0,9f14025af0065b30e47e23ebb3b491d39ae8ed17d33739e5ff3827ffb3634953,119,9f14025af0065b30e47e23ebb3b491d39ae8ed17d33739e5ff3827ffb3634953
8,119,9f14025af0065b30e47e23ebb3b491d39ae8ed17d33739e5ff3827ffb3634953,119.0,9f14025af0065b30e47e23ebb3b491d39ae8ed17d33739e5ff3827ffb3634953
8,119.0,9f14025af0065b30e47e23ebb3b491d39ae8ed17d33739e5ff3827ffb3634953,118,eb624dbe56eb6620ae62080c10a273cab73ae8eca98ab17b731446a31c79393a
8,118,eb624dbe56eb6620ae62080c10a273cab73ae8eca98ab17b731446a31c79393a,118.0,eb624dbe56eb6620ae62080c10a273cab73ae8eca98ab17b731446a31c79393a
8,118.0,eb624dbe56eb6620ae62080c10a273cab73ae8eca98ab17b731446a31c79393a,117,5ec1a0c99d428601ce42b407ae9c675e0836a8ba591c8ca6e2a2cf5563d97ff0
8,117,5ec1a0c99d428601ce42b407ae9c675e0836a8ba591c8ca6e2a2cf5563d97ff0,117.0,5ec1a0c99d428601ce42b407ae9c675e0836a8ba591c8ca6e2a2cf5563d97ff0
8,117.0,5ec1a0c99d428601ce42b407ae9c675e0836a8ba591c8ca6e2a2cf5563d97ff0,116,02d20bbd7e394ad5999a4cebabac9619732c343a4cac99470c03e23ba2bdc2bc
8,116,02d20bbd7e394ad5999a4cebabac9619732c343a4cac99470c03e23ba2bdc2bc,116.0,02d20bbd7e394ad5999a4cebabac9619732c343a4cac99470c03e23ba2bdc2bc
8,116.0,02d20bbd7e394ad5999a4cebabac9619732c343a4cac99470c03e23ba2bdc2bc,115,d80eae6e96d148b3b2abbbc6760077b66c4ea071f847dab573d507a32c4d99a5
8,115,d80eae6e96d148b3b2abbbc6760077b66c4ea071f847dab573d507a32c4d99a5,115.0,d80eae6e96d148b3b2abbbc6760077b66c4ea071f847dab573d507a32c4d99a5
8,115.0,d80eae6e96d148b3b2abbbc6760077b66c4ea071f847dab573d507a32c4d99a5,114,38d66d9692ac590000a91b03a88da1c88d51fab2b78f63171f553ecc551a0c6f
8,114,38d66d9692ac590000a91b03a88da1c88d51fab2b78f63171f553ecc551a0c6f,114.0,38d66d9692ac590000a91b03a88da1c88d51fab2b78f63171f553ecc551a0c6f
8,114.0,38d66d9692ac590000a91b03a88da1c88d51fab2b78f63171f553ecc551a0c6f,113,2ac878b0e2180616993b4b6aa71e61166fdc86c28d47e359d0ee537eb11d46d3
8,113,2ac878b0e2180616993b4b6aa71e61166fdc86c28d47e359d0ee537eb11d46d3,113.0,2ac878b0e2180616993b4b6aa71e61166fdc86c28d47e359d0ee537eb11d46d3
8,113.0,2ac878b0e2180616993b4b6aa71e61166fdc86c28d47e359d0ee537eb11d46d3,112,785f3ec7eb32f30b90cd0fcf3657d388b5ff4297f2f9716ff66e9b69c05ddd09
8,112,785f3ec7eb32f30b90cd0fcf3657d388b5ff4297f2f9716ff66e9b69c05ddd09,112.0,785f3ec7eb32f30b90cd0fcf3657d388b5ff4297f2f9716ff66e9b69c05ddd09
8,112.0,785f3ec7eb32f30b90cd0fcf3657d388b5ff4297f2f9716ff66e9b69c05ddd09,111,86e50149658661312a9e0b35558d84f6c6d3da797f552a9657fe0558ca40cdef
9,198.0,dbae772db29058a88f9bd830e957c695347c41b6162a7eb9a9ea13def34be56b,132,72440a20f54075ac43f51a2cf0dbb2a14366b38a5c01b110ae174abc1cb44238
9,132,72440a20f54075ac43f51a2cf0dbb2a14366b38a5c01b110ae174abc1cb44238,132.0,72440a20f54075ac43f51a2cf0dbb2a14366b38a5c01b110ae174abc1cb44238
9,132.0,72440a20f54075ac43f51a2cf0dbb2a14366b38a5c01b110ae174abc1cb44238,130,d6f0c71ef0c88e45e4b3a2118fcb83b0def392d759c901e9d755d0e879028727
9,130,d6f0c71ef0c88e45e4b3a2118fcb83b0def392d759c901e9d755d0e879028727,130.0,d6f0c71ef0c88e45e4b3a2118fcb83b0def392d759c901e9d755d0e879028727
9,130.0,d6f0c71ef0c88e45e4b3a2118fcb83b0def392d759c901e9d755d0e879028727,129,d6f0c71ef0c88e45e4b3a2118fcb83b0def392d759c901e9d755d0e879028727
9,129,d6f0c71ef0c88e45e4b3a2118fcb83b0def392d759c901e9d755d0e879028727,129.0,d6f0c71ef0c88e45e4b3a2118fcb83b0def392d759c901e9d755d0e879028727
9,129.0,d6f0c71ef0c88e45e4b3a2118fcb83b0def392d759c901e9d755d0e879028727,128,802b906a18591ead8a6dd809b262ace4c65c16e89764c40ae326cfcff811e10c
9,128,802b906a18591ead8a6dd809b262ace4c65c16e89764c40ae326cfcff811e10c,128.0,802b906a18591ead8a6dd809b262ace4c65c16e89764c40ae326cfcff811e10c
9,128.0,802b906a18591ead8a6dd809b262ace4c65c16e89764c40ae326cfcff811e10c,127,76a50887d8f1c2e9301755428990ad81479ee21c25b43215cf524541e0503269
9,127,76a50887d8f1c2e9301755428990ad81479ee21c25b43215cf524541e0503269,127.0,76a50887d8f1c2e9301755428990ad81479ee21c25b43215cf524541e0503269
9,127.0,76a50887d8f1c2e9301755428990ad81479ee21c25b43215cf524541e0503269,126,968076be2e38cf897d4d6cea3faca9c037e1a4e3b4b7744fb2533e07751bd30a
9,126,968076be2e38cf897d4d6cea3faca9c037e1a4e3b4b7744fb2533e07751bd30a,126.0,968076be2e38cf897d4d6cea3faca9c037e1a4e3b4b7744fb2533e07751bd30a
9,126.0,968076be2e38cf897d4d6cea3faca9c037e1a4e3b4b7744fb2533e07751bd30a,125,210e3b160c355818509425b9d9e9fd3ea2e287f2c43a13e5be8817140db0b9e6
9,125,210e3b160c355818509425b9d9e9fd3ea2e287f2c43a13e5be8817140db0b9e6,125.0,210e3b160c355818509425b9d9e9fd3ea2e287f2c43a13e5be8817140db0b9e6
9,125.0,210e3b160c355818509425b9d9e9fd3ea2e287f2c43a13e5be8817140db0b9e6,124,f57e5cb1f4532c008183057ecc94283801fcb5afe2d1c190e3dfd38c4da08042
9,124,f57e5cb1f4532c008183057ecc94283801fcb5afe2d1c190e3dfd38c4da08042,124.0,f57e5cb1f4532c008183057ecc94283801fcb5afe2d1c190e3dfd38c4da08042
9,124.0,f57e5cb1f4532c008183057ecc94283801fcb5afe2d1c190e3dfd38c4da08042,123,f57e5cb1f4532c008183057ecc94283801fcb5afe2d1c190e3dfd38c4da08042
9,123,f57e5cb1f4532c008183057ecc94283801fcb5afe2d1c190e3dfd38c4da08042,123.0,f57e5cb1f4532c008183057ecc94283801fcb5afe2d1c190e3dfd38c4da08042
9,123.0,f57e5cb1f4532c008183057ecc94283801fcb5afe2d1c190e3dfd38c4da08042,122,f57e5cb1f4532c008183057ecc94283801fcb5afe2d1c190e3dfd38c4da08042
9,122,f57e5cb1f4532c008183057ecc94283801fcb5afe2d1c190e3dfd38c4da08042,122.0,f57e5cb1f4532c008183057ecc94283801fcb5afe2d1c190e3dfd38c4da08042
9,122.0,f57e5cb1f4532c008183057ecc94283801fcb5afe2d1c190e3dfd38c4da08042,121,6affdae3b3c1aa6aa7689e9b6a7b3225a636aa1ac0025f490cca1285ceaf1487
9,121,6affdae3b3c1aa6aa7689e9b6a7b3225a636aa1ac0025f490cca1285ceaf1487,121.0,6affdae3b3c1aa6aa7689e9b6a7b3225a636aa1ac0025f490cca1285ceaf1487
9,121.0,6affdae3b3c1aa6aa7689e9b6a7b3225a636aa1ac0025f490cca1285ceaf1487,120,79d6eaa2676189eb927f2e16a70091474078e2117c3fc607d35cdc6b591ef355
9,120,79d6eaa2676189eb927f2e16a70091474078e2117c3fc607d35cdc6b591ef355,120.0,79d6eaa2676189eb927f2e16a70091474078e2117c3fc607d35cdc6b591ef355
9,120.0,79d6eaa2676189eb927f2e16a70091474078e2117c3fc607d35cdc6b591ef355,119,79d6eaa2676189eb927f2e16a70091474078e2117c3fc607d35cdc6b591ef355
9,119,79d6eaa2676189eb927f2e16a70091474078e2117c3fc607d35cdc6b591ef355,119.0,79d6eaa2676189eb927f2e16a70091474078e2117c3fc607d35cdc6b591ef355
9,119.0,79d6eaa2676189eb927f2e16a70091474078e2117c3fc607d35cdc6b591ef355,118,1d28c120568c10e19b9d8abe8b66d0983fa3d2e11ee7751aca50f83c6f4a43aa
9,118,1d28c120568c10e19b9d8abe8b66d0983fa3d2e11ee7751aca50f83c6f4a43aa,118.0,1d28c120568c10e19b9d8abe8b66d0983fa3d2e11ee7751aca50f83c6f4a43aa
9,118.0,1d28c120568c10e19b9d8abe8b66d0983fa3d2e11ee7751aca50f83c6f4a43aa,117,7b1a278f5abe8e9da907fc9c29dfd432d60dc76e17b0fabab659d2a508bc65c4
9,117,7b1a278f5abe8e9da907fc9c29dfd432d60dc76e17b0fabab659d2a508bc65c4,117.0,7b1a278f5abe8e9da907fc9c29dfd432d60dc76e17b0fabab659d2a508bc65c4
9,117.0,7b1a278f5abe8e9da907fc9c29dfd432d60dc76e17b0fabab659d2a508bc65c4,116,b1556dea32e9d0cdbfed038fd7787275775ea40939c146a64e205bcb349ad02f
9,116,b1556dea32e9d0cdbfed038fd7787275775ea40939c146a64e205bcb349ad02f,116.0,b1556dea32e9d0cdbfed038fd7787275775ea40939c146a64e205bcb349ad02f
9,116.0,b1556dea32e9d0cdbfed038fd7787275775ea40939c146a64e205bcb349ad02f,115,29db0c6782dbd5000559ef4d9e953e300e2b479eed26d887ef3f92b921c06a67
9,115,29db0c6782dbd5000559ef4d9e953e300e2b479eed26d887ef3f92b921c06a67,115.0,29db0c6782dbd5000559ef4d9e953e300e2b479eed26d887ef3f92b921c06a67
9,115.0,29db0c6782dbd5000559ef4d9e953e300e2b479eed26d887ef3f92b921c06a67,114,7f2253d7e228b22a08bda1f09c516f6fead81df6536eb02fa991a34bb38d9be8
9,114,7f2253d7e228b22a08bda1f09c516f6fead81df6536eb02fa991a34bb38d9be8,114.0,7f2253d7e228b22a08bda1f09c516f6fead81df6536eb02fa991a34bb38d9be8
9,114.0,7f2253d7e228b22a08bda1f09c516f6fead81df6536eb02fa991a34bb38d9be8,113,44c8031cb036a7350d8b9b8603af662a4b9cdbd2f96e8d5de5af435c9c35da69
9,113,44c8031cb036a7350d8b9b8603af662a4b9cdbd2f96e8d5de5af435c9c35da69,113.0,44c8031cb036a7350d8b9b8603af662a4b9cdbd2f96e8d5de5af435c9c35da69
9,113.0,44c8031cb036a7350d8b9b8603af662a4b9cdbd2f96e8d5de5af435c9c35da69,112,ad48ff99415b2f007dc35b7eb553fd1eb35ebfa2f2f308acd9488eeb86f71fa8
10,133.0,2858dcd1057d3eae7f7d5f782167e24b61153c01551450a628cee722509f6529,131,16dc368a89b428b2485484313ba67a3912ca03f2b2b42429174a4f8b3dc84e44
10,131,16dc368a89b428b2485484313ba67a3912ca03f2b2b42429174a4f8b3dc84e44,131.0,16dc368a89b428b2485484313ba67a3912ca03f2b2b42429174a4f8b3dc84e44
10,131.0,16dc368a89b428b2485484313ba67a3912ca03f2b2b42429174a4f8b3dc84e44,128,5cf4e26bd3d87da5e03f80a43a64f1220a1f4ba9e1d6348caea83c06353c3f39
10,128,5cf4e26bd3d87da5e03f80a43a64f1220a1f4ba9e1d6348caea83c06353c3f39,128.0,5cf4e26bd3d87da5e03f80a43a64f1220a1f4ba9e1d6348caea83c06353c3f39
10,128.0,5cf4e26bd3d87da5e03f80a43a64f1220a1f4ba9e1d6348caea83c06353c3f39,127,5cf4e26bd3d87da5e03f80a43a64f1220a1f4ba9e1d6348caea83c06353c3f39
10,127,5cf4e26bd3d87da5e03f80a43a64f1220a1f4ba9e1d6348caea83c06353c3f39,127.0,5cf4e26bd3d87da5e03f80a43a64f1220a1f4ba9e1d6348caea83c06353c3f39
10,127.0,5cf4e26bd3d87da5e03f80a43a64f1220a1f4ba9e1d6348caea83c06353c3f39,126,5cf4e26bd3d87da5e03f80a43a64f1220a1f4ba9e1d6348caea83c06353c3f39
10,126,5cf4e26bd3d87da5e03f80a43a64f1220a1f4ba9e1d6348caea83c06353c3f39,126.0,5cf4e26bd3d87da5e03f80a43a64f1220a1f4ba9e1d6348caea83c06353c3f39
10,126.0,5cf4e26bd3d87da5e03f80a43a64f1220a1f4ba9e1d6348caea83c06353c3f39,125,a665a45920422f9d417e4867efdc4fb8a04a1f3fff1fa07e998e86f7f7a27ae3
10,125,a665a45920422f9d417e4867efdc4fb8a04a1f3fff1fa07e998e86f7f7a27ae3,125.0,a665a45920422f9d417e4867efdc4fb8a04a1f3fff1fa07e998e86f7f7a27ae3
10,125.0,a665a45920422f9d417e4867efdc4fb8a04a1f3fff1fa07e998e86f7f7a27ae3,124,a665a45920422f9d417e4867efdc4fb8a04a1f3fff1fa07e998e86f7f7a27ae3
10,124,a665a45920422f9d417e4867efdc4fb8a04a1f3fff1fa07e998e86f7f7a27ae3,124.0,a665a45920422f9d417e4867efdc4fb8a04a1f3fff1fa07e998e86f7f7a27ae3
10,124.0,a665a45920422f9d417e4867efdc4fb8a04a1f3fff1fa07e998e86f7f7a27ae3,123,a665a45920422f9d417e4867efdc4fb8a04a1f3fff1fa07e998e86f7f7a27ae3
10,123,a665a45920422f9d417e4867efdc4fb8a04a1f3fff1fa07e998e86f7f7a27ae3,123.0,a665a45920422f9d417e4867efdc4fb8a04a1f3fff1fa07e998e86f7f7a27ae3
10,123.0,a665a45920422f9d417e4867efdc4fb8a04a1f3fff1fa07e998e86f7f7a27ae3,122,4b227777d4dd1fc61c6f884f48641d02b4d121d3fd328cb08b5531fcacdabf8a
10,122,4b227777d4dd1fc61c6f884f48641d02b4d121d3fd328cb08b5531fcacdabf8a,122.0,4b227777d4dd1fc61c6f884f48641d02b4d121d3fd328cb08b5531fcacdabf8a
10,122.0,4b227777d4dd1fc61c6f884f48641d02b4d121d3fd328cb08b5531fcacdabf8a,121,6e4001871c0cf27c7634ef1dc478408f642410fd3a444e2a88e301f5c4a35a4d
10,121,6e4001871c0cf27c7634ef1dc478408f642410fd3a444e2a88e301f5c4a35a4d,121.0,6e4001871c0cf27c7634ef1dc478408f642410fd3a444e2a88e301f5c4a35a4d
10,121.0,6e4001871c0cf27c7634ef1dc478408f642410fd3a444e2a88e301f5c4a35a4d,120,284de502c9847342318c17d474733ef468fbdbe252cddf6e4b4be0676706d9d0
10,120,284de502c9847342318c17d474733ef468fbdbe252cddf6e4b4be0676706d9d0,120.0,284de502c9847342318c17d474733ef468fbdbe252cddf6e4b4be0676706d9d0
10,120.0,284de502c9847342318c17d474733ef468fbdbe252cddf6e4b4be0676706d9d0,119,f74efabef12ea619e30b79bddef89cffa9dda494761681ca862cff2871a85980
10,119,f74efabef12ea619e30b79bddef89cffa9dda494761681ca862cff2871a85980,119.0,f74efabef12ea619e30b79bddef89cffa9dda494761681ca862cff2871a85980
10,119.0,f74efabef12ea619e30b79bddef89cffa9dda494761681ca862cff2871a85980,118,2747b7c718564ba5f066f0523b03e17f6a496b06851333d2d59ab6d863225848
10,118,2747b7c718564ba5f066f0523b03e17f6a496b06851333d2d59ab6d863225848,118.0,2747b7c718564ba5f066f0523b03e17f6a496b06851333d2d59ab6d863225848
10,118.0,2747b7c718564ba5f066f0523b03e17f6a496b06851333d2d59ab6d863225848,117,fa2b7af0a811b9acde602aacb78e3638e8506dfead5fe6c3425b10b526f94bdd
10,117,fa2b7af0a811b9acde602aacb78e3638e8506dfead5fe6c3425b10b526f94bdd,117.0,fa2b7af0a811b9acde602aacb78e3638e8506dfead5fe6c3425b10b526f94bdd
10,117.0,fa2b7af0a811b9acde602aacb78e3638e8506dfead5fe6c3425b10b526f94bdd,116,9bdb2af6799204a299c603994b8e400e4b1fd625efdb74066cc869fee42c9df3
10,116,9bdb2af6799204a299c603994b8e400e4b1fd625efdb74066cc869fee42c9df3,116.0,9bdb2af6799204a299c603994b8e400e4b1fd625efdb74066cc869fee42c9df3
10,116.0,9bdb2af6799204a299c603994b8e400e4b1fd625efdb74066cc869fee42c9df3,115,6af1f692e9496c6d0b668316eccb93276ae6b6774fa728aac31ff40a38318760
10,115,6af1f692e9496c6d0b668316eccb93276ae6b6774fa728aac31ff40a38318760,115.0,6af1f692e9496c6d0b668316eccb93276ae6b6774fa728aac31ff40a38318760
10,115.0,6af1f692e9496c6d0b668316eccb93276ae6b6774fa728aac31ff40a38318760,114,a4e00d7e6aa82111575438c5e5d3e63269d4c475c718b2389f6d02932c47f8a6
10,114,a4e00d7e6aa82111575438c5e5d3e63269d4c475c718b2389f6d02932c47f8a6,114.0,a4e00d7e6aa82111575438c5e5d3e63269d4c475c718b2389f6d02932c47f8a6
10,114.0,a4e00d7e6aa82111575438c5e5d3e63269d4c475c718b2389f6d02932c47f8a6,113,eb3be230bbd2844b1f5d8f2e4fab9ffba8ab22cfeeb69c4c1361993ba4f377b9
10,113,eb3be230bbd2844b1f5d8f2e4fab9ffba8ab22cfeeb69c4c1361993ba4f377b9,113.0,eb3be230bbd2844b1f5d8f2e4fab9ffba8ab22cfeeb69c4c1361993ba4f377b9
10,113.0,eb3be230bbd2844b1f5d8f2e4fab9ffba8ab22cfeeb69c4c1361993ba4f377b9,112,ef2d127de37b942baad06145e54b0c619a1f22327b2ebbcfbec78f5564afe39d
10,112,ef2d127de37b942baad06145e54b0c619a1f22327b2ebbcfbec78f5564afe39d,112.0,ef2d127de37b942baad06145e54b0c619a1f22327b2ebbcfbec78f5564afe39d
10,112.0,ef2d127de37b942baad06145e54b0c619a1f22327b2ebbcfbec78f5564afe39d,111,5316ca1c5ddca8e6ceccfce58f3b8540e540ee22f6180fb89492904051b3d531
